,local_time,unixtimestamp,videoBuffer,audioBuffer,cumRebuffer,format_vid,byteOffset,totalByteLength,byteLength,ssim,mod_timestamp,ssim_diff,cumRebuffer_diff,New_Bitrate,New_Bitrate_diff,qoe
11,748720,1660335439,2.002,2.002,2.366,1280x720-5,1124688,1191650,66962,4.5425,1660335439.418,0.0,0.0,5.0,0.0,5.0
35,751978,1660335442,0.785,0.785,2.417,1280x720-10,2351466,2380435,28969,9.0729,1660335442.621,4.5304,0.05099999999999971,10.0,5.0,-0.09999999999997122
48,753349,1660335443,1.77,1.770,2.721,1280x720-5,1226871,1273575,46704,4.8545,1660335444.032,4.218400000000001,0.30400000000000027,5.0,5.0,-30.400000000000027
72,754960,1660335445,2.162,2.162,2.721,1280x720-10,2351466,2380400,28934,9.0728,1660335445.628,4.218300000000001,0.0,10.0,5.0,5.0
96,756069,1660335446,3.058,3.058,2.721,1280x720-10,2351466,2379571,28105,9.0729,1660335446.751,9.999999999976694e-05,0.0,10.0,0.0,10.0
213,759149,1660335449,1.977,1.977,2.721,1280x720-50,11859257,11890463,31206,45.3147,1660335449.79,36.2418,0.0,50.0,40.0,10.0
237,759646,1660335450,3.48,3.480,2.721,1280x720-10,2351443,2380417,28974,9.0728,1660335450.3,36.2419,0.0,10.0,40.0,-30.0
470,763178,1660335453,1.951,1.951,2.721,1280x720-100,23717937,23777996,60059,90.6169,1660335453.813,81.5441,0.0,100.0,90.0,10.0
494,763689,1660335454,3.446,3.446,2.721,1280x720-10,2351443,2403840,52397,9.1621,1660335454.511,81.4548,0.0,10.0,90.0,-80.0
727,766836,1660335457,2.3,2.300,2.721,1280x720-100,23717937,23777998,60061,90.6169,1660335457.466,81.4548,0.0,100.0,90.0,10.0
751,767405,1660335458,3.733,3.733,2.721,1280x720-10,2351443,2380427,28984,9.0729,1660335458.047,81.544,0.0,10.0,90.0,-80.0
984,770938,1660335461,2.198,2.198,2.721,1280x720-100,23718169,23777983,59814,90.617,1660335461.566,81.5441,0.0,100.0,90.0,10.0
1008,771430,1660335462,3.711,3.711,2.721,1280x720-10,2351443,2380421,28978,9.0729,1660335462.071,81.5441,0.0,10.0,90.0,-80.0
1241,776879,1660335467,0.323,0.323,2.772,1280x720-100,23717937,23777999,60062,90.6169,1660335467.516,81.544,0.05099999999999971,100.0,90.0,4.900000000000029
1253,777447,1660335468,2.177,2.177,3.176,1280x720-5,1124622,1191651,67029,4.5425,1660335468.082,86.0744,0.40400000000000036,5.0,95.0,-130.40000000000003
1277,778260,1660335468,3.371,3.371,3.176,1280x720-10,2351443,2380419,28976,9.0728,1660335468.895,4.5303,0.0,10.0,5.0,5.0
1510,783798,1660335474,0.59,0.590,3.883,1280x720-100,23717937,23777999,60062,90.6169,1660335474.432,81.5441,0.7069999999999999,100.0,90.0,-60.69999999999999
1522,784139,1660335474,2.592,2.592,4.237,1280x720-5,1124622,1191649,67027,4.5425,1660335474.773,86.0744,0.3540000000000001,5.0,95.0,-125.4
1639,786934,1660335477,2.134,2.134,4.539,1280x720-50,11859141,11890443,31302,45.3148,1660335477.568,40.7723,0.3019999999999996,50.0,45.0,-25.19999999999996
1663,787542,1660335478,3.521,3.521,4.539,1280x720-10,2351443,2380413,28970,9.0728,1660335478.174,36.242,0.0,10.0,40.0,-30.0
1896,792115,1660335482,0.951,0.951,4.539,1280x720-100,23717937,23777997,60060,90.6169,1660335482.752,81.5441,0.0,100.0,90.0,10.0
1908,792476,1660335483,2.598,2.598,4.539,1280x720-5,1124622,1191661,67039,4.5426,1660335483.106,86.0743,0.0,5.0,95.0,-90.0
2025,794321,1660335484,2.823,2.823,4.539,1280x720-50,11859141,11890465,31324,45.3149,1660335484.959,40.7723,0.0,50.0,45.0,5.0
2142,796018,1660335486,3.132,3.132,4.539,1280x720-50,11859141,11889590,30449,45.3149,1660335486.652,0.0,0.0,50.0,0.0,50.0
2259,797646,1660335488,3.498,3.498,4.539,1280x720-50,11859141,11889613,30472,45.3147,1660335488.476,0.00019999999999953388,0.0,50.0,0.0,50.0
2492,801024,1660335491,2.13,2.130,4.539,1280x720-100,23717937,23777999,60062,90.6169,1660335491.658,45.3022,0.0,100.0,50.0,50.0
2516,801564,1660335492,3.585,3.585,4.539,1280x720-10,2351443,2380421,28978,9.0729,1660335492.197,81.544,0.0,10.0,90.0,-80.0
2749,805731,1660335496,1.423,1.423,4.539,1280x720-100,23717937,23777997,60060,90.6169,1660335496.371,81.544,0.0,100.0,90.0,10.0
2761,806038,1660335496,3.121,3.121,4.539,1280x720-5,1124622,1191662,67040,4.5426,1660335496.678,86.0743,0.0,5.0,95.0,-90.0
2878,808278,1660335498,2.881,2.881,4.539,1280x720-50,11859141,11890467,31326,45.3147,1660335498.923,40.7721,0.0,50.0,45.0,5.0
2995,811216,1660335501,1.946,1.946,4.539,1280x720-50,11859141,11889625,30484,45.3148,1660335501.87,9.999999999621423e-05,0.0,50.0,0.0,50.0
3019,811768,1660335502,3.389,3.389,4.539,1280x720-10,2351443,2380428,28985,9.0729,1660335502.552,36.2419,0.0,10.0,40.0,-30.0
3252,816080,1660335506,1.084,1.084,4.539,1280x720-100,23717937,23777999,60062,90.6169,1660335506.724,81.544,0.0,100.0,90.0,10.0
3264,816631,1660335507,2.53,2.530,4.539,1280x720-5,1124622,1191658,67036,4.5426,1660335507.551,86.0743,0.0,5.0,95.0,-90.0
3381,818981,1660335509,2.454,2.454,4.742,1280x720-50,11859141,11890493,31352,45.3148,1660335509.618,40.7722,0.2030000000000003,50.0,45.0,-15.30000000000003
3498,822645,1660335513,1.1,1.100,4.997,1280x720-50,11859141,11889639,30498,45.3149,1660335513.275,0.00010000000000331966,0.2549999999999999,50.0,0.0,24.50000000000001
3510,823095,1660335513,3.102,3.102,5.451,1280x720-5,1124622,1191662,67040,4.5426,1660335513.725,40.7723,0.45399999999999974,5.0,45.0,-85.39999999999998
3627,825990,1660335516,2.552,2.552,5.804,1280x720-50,11859141,11890494,31353,45.3148,1660335516.622,40.7722,0.35300000000000065,50.0,45.0,-30.300000000000068
3744,828889,1660335519,1.659,1.659,5.804,1280x720-50,11859141,11889641,30500,45.3148,1660335519.534,0.0,0.0,50.0,0.0,50.0
3768,829541,1660335520,3.0,3.000,5.804,1280x720-10,2351443,2380420,28977,9.0729,1660335520.171,36.2419,0.0,10.0,40.0,-30.0
3885,832345,1660335522,2.204,2.204,5.804,1280x720-50,11859141,11890493,31352,45.3148,1660335522.989,36.2419,0.0,50.0,40.0,10.0
3909,832952,1660335523,3.597,3.597,5.804,1280x720-10,2351443,2380419,28976,9.0729,1660335523.607,36.2419,0.0,10.0,40.0,-30.0
4142,838401,1660335529,0.374,0.374,5.956,1280x720-100,23717937,23778000,60063,90.6169,1660335529.036,81.544,0.15200000000000014,100.0,90.0,-5.2000000000000135
4154,838838,1660335529,2.376,2.376,6.409,1280x720-5,1124622,1191649,67027,4.5425,1660335529.473,86.0744,0.4529999999999994,5.0,95.0,-135.29999999999995
4271,842203,1660335532,1.708,1.708,7.116,1280x720-50,11859141,11890495,31354,45.3148,1660335532.848,40.7723,0.7069999999999999,50.0,45.0,-65.69999999999999
4295,843260,1660335533,2.646,2.646,7.116,1280x720-10,2351443,2380416,28973,9.0728,1660335534.057,36.242,0.0,10.0,40.0,-30.0
4412,847066,1660335537,0.842,0.842,7.116,1280x720-50,11859141,11890495,31354,45.3148,1660335537.726,36.242,0.0,50.0,40.0,10.0
4424,847644,1660335538,2.269,2.269,7.116,1280x720-5,1124622,1191656,67034,4.5425,1660335538.578,40.7723,0.0,5.0,45.0,-40.0
4448,848724,1660335539,3.584,3.584,7.47,1280x720-10,2351443,2380418,28975,9.0728,1660335539.358,4.5303,0.3540000000000001,10.0,5.0,-30.400000000000006
4681,859863,1660335550,1.021,1.021,14.011,1280x720-100,23717937,23777999,60062,90.6169,1660335551.67,81.5441,6.5409999999999995,100.0,90.0,-644.0999999999999
4693,865735,1660335556,2.136,2.136,18.945,1280x720-5,1124622,1191665,67043,4.5426,1660335556.458,86.0743,4.934000000000001,5.0,95.0,-583.4000000000001
4717,866995,1660335557,2.965,2.965,19.045,1280x720-10,2351443,2380426,28983,9.0729,1660335557.773,4.5303,0.10000000000000142,10.0,5.0,-5.000000000000142
4834,871618,1660335562,0.919,0.919,19.551,1280x720-50,11859141,11890476,31335,45.3148,1660335562.274,36.2419,0.5059999999999967,50.0,40.0,-40.59999999999967
4846,880460,1660335571,2.596,2.596,28.06,1280x720-5,1124622,1191658,67036,4.5426,1660335571.09,40.7722,8.509,5.0,45.0,-890.9000000000001
4963,912156,1660335602,1.158,1.158,56.272,1280x720-50,11859141,11890478,31337,45.3148,1660335602.8,40.7722,28.212,50.0,45.0,-2816.2
4975,921072,1660335611,2.106,2.106,64.072,1280x720-5,1124622,1191657,67035,4.5425,1660335611.834,40.7723,7.800000000000004,5.0,45.0,-820.0000000000005
4999,923225,1660335613,2.045,2.045,64.122,1280x720-10,2351420,2380427,29007,9.0729,1660335613.892,4.5304,0.04999999999999716,10.0,5.0,2.8421709430404007e-13
5023,924215,1660335614,3.057,3.057,64.122,1280x720-10,2351420,2379566,28146,9.0728,1660335614.99,9.999999999976694e-05,0.0,10.0,0.0,10.0
5140,949145,1660335639,0.662,0.662,84.645,1280x720-50,11859025,11890454,31429,45.3148,1660335640.953,36.242,20.522999999999996,50.0,40.0,-2042.2999999999997
