,local_time,unixtimestamp,videoBuffer,audioBuffer,cumRebuffer,format_vid,byteOffset,totalByteLength,byteLength,ssim,mod_timestamp,ssim_diff,cumRebuffer_diff,New_Bitrate,New_Bitrate_diff,qoe
11,2223704,1660264904,2.002,2.002,1.808,1280x720-5,1124688,1191650,66962,4.5425,1660264904.364,0.0,0.0,5.0,0.0,5.0
35,2224666,1660264905,3.192,3.192,1.959,1280x720-10,2351466,2380435,28969,9.0729,1660264905.342,4.5304,0.15100000000000002,10.0,5.0,-10.100000000000001
152,2228015,1660264908,1.842,1.842,1.959,1280x720-50,11859257,11890482,31225,45.3148,1660264908.968,36.2419,0.0,50.0,40.0,10.0
176,2228922,1660264909,2.936,2.936,1.959,1280x720-10,2351466,2380400,28934,9.0728,1660264909.587,36.242,0.0,10.0,40.0,-30.0
293,2231850,1660264912,2.005,2.005,1.959,1280x720-50,11859257,11890466,31209,45.3147,1660264912.516,36.2419,0.0,50.0,40.0,10.0
317,2232737,1660264913,3.128,3.128,1.959,1280x720-10,2351466,2380422,28956,9.0729,1660264913.39,36.2418,0.0,10.0,40.0,-30.0
434,2235886,1660264916,1.977,1.977,1.959,1280x720-50,11859141,11910369,51228,45.3908,1660264916.549,36.317899999999995,0.0,50.0,40.0,10.0
458,2236689,1660264917,3.173,3.173,1.959,1280x720-10,2351443,2380418,28975,9.0728,1660264917.803,36.318,0.0,10.0,40.0,-30.0
580,2239219,1660264919,2.654,2.654,1.959,1280x720-50,12370306,12467649,97343,47.5145,1660264919.879,38.4417,0.0,50.0,40.0,10.0
697,2242223,1660264922,1.651,1.651,1.959,1280x720-50,11859141,11889575,30434,45.3147,1660264923.093,2.199799999999996,0.0,50.0,0.0,50.0
721,2243262,1660264923,2.614,2.614,1.959,1280x720-10,2351443,2380427,28984,9.0729,1660264924.039,36.2418,0.0,10.0,40.0,-30.0
851,2245533,1660264926,2.34,2.340,1.959,1280x720-50,13188299,13201705,13406,50.312,1660264926.203,41.23909999999999,0.0,50.0,40.0,10.0
968,2248036,1660264928,1.84,1.840,1.959,1280x720-50,11859141,11889608,30467,45.3149,1660264928.699,4.997099999999996,0.0,50.0,0.0,50.0
992,2248583,1660264929,3.296,3.296,1.959,1280x720-10,2351443,2380424,28981,9.0729,1660264929.547,36.242000000000004,0.0,10.0,40.0,-30.0
1109,2250880,1660264931,3.0,3.000,1.959,1280x720-50,11859141,11890451,31310,45.3149,1660264931.615,36.242000000000004,0.0,50.0,40.0,10.0
1226,2253415,1660264934,2.464,2.464,1.959,1280x720-50,11859141,11889586,30445,45.3149,1660264934.148,0.0,0.0,50.0,0.0,50.0
1343,2255922,1660264936,1.962,1.962,1.959,1280x720-50,11859141,11889602,30461,45.3149,1660264936.58,0.0,0.0,50.0,0.0,50.0
1367,2256692,1660264937,3.192,3.192,1.959,1280x720-10,2351443,2380420,28977,9.0729,1660264937.77,36.242000000000004,0.0,10.0,40.0,-30.0
1484,2258685,1660264939,3.208,3.208,1.959,1280x720-50,11859141,11890443,31302,45.3148,1660264939.34,36.2419,0.0,50.0,40.0,10.0
1601,2260961,1660264941,2.929,2.929,1.959,1280x720-50,11859141,11889581,30440,45.3149,1660264941.62,0.00010000000000331966,0.0,50.0,0.0,50.0
1718,2262388,1660264943,3.509,3.509,1.959,1280x720-50,11859141,11889574,30433,45.3147,1660264943.045,0.00019999999999953388,0.0,50.0,0.0,50.0
1951,2264886,1660264945,3.011,3.011,1.959,1280x720-100,23717937,23777998,60061,90.6169,1660264945.562,45.3022,0.0,100.0,50.0,50.0
2068,2265878,1660264946,4.018,4.018,1.959,1280x720-50,11859141,11890465,31324,45.3149,1660264946.546,45.302,0.0,100.0,0.0,100.0
2301,2268844,1660264949,3.052,3.052,1.959,1280x720-100,23717937,23777999,60062,90.6169,1660264950.143,45.302,0.0,100.0,0.0,100.0
2418,2270764,1660264951,3.14,3.140,1.959,1280x720-50,11859141,11890467,31326,45.3147,1660264951.602,45.3022,0.0,50.0,50.0,0.0
2535,2272296,1660264952,3.608,3.608,1.959,1280x720-50,11859141,11889613,30472,45.3147,1660264952.95,0.0,0.0,50.0,0.0,50.0
2768,2275051,1660264955,2.85,2.850,1.959,1280x720-100,23717937,23777999,60062,90.6169,1660264956.35,45.3022,0.0,100.0,50.0,50.0
2885,2276472,1660264957,3.432,3.432,1.959,1280x720-50,11859141,11890443,31302,45.3149,1660264957.131,45.302,0.0,100.0,0.0,100.0
3118,2279805,1660264960,2.103,2.103,1.959,1280x720-100,23717937,23777999,60062,90.6169,1660264960.472,45.302,0.0,100.0,0.0,100.0
3142,2280529,1660264961,3.385,3.385,1.959,1280x720-10,2351443,2380430,28987,9.0729,1660264961.31,81.544,0.0,10.0,90.0,-80.0
3375,2283971,1660264964,1.945,1.945,1.959,1280x720-100,23717937,23777998,60061,90.6169,1660264964.632,81.544,0.0,100.0,90.0,10.0
3399,2284498,1660264965,3.42,3.420,1.959,1280x720-10,2351443,2380428,28985,9.0729,1660264965.159,81.544,0.0,10.0,90.0,-80.0
3632,2286692,1660264967,3.222,3.222,1.959,1280x720-100,23717937,23777999,60062,90.6169,1660264967.349,81.544,0.0,100.0,90.0,10.0
3749,2287782,1660264968,4.133,4.133,1.959,1280x720-50,11859141,11890479,31338,45.3149,1660264968.528,45.302,0.0,100.0,0.0,100.0
3982,2290931,1660264971,2.988,2.988,1.959,1280x720-100,23717937,23777999,60062,90.6169,1660264972.285,45.302,0.0,100.0,0.0,100.0
4099,2292488,1660264973,3.432,3.432,1.959,1280x720-50,11859141,11890493,31352,45.3149,1660264973.184,45.302,0.0,100.0,0.0,100.0
4332,2295412,1660264976,2.514,2.514,1.959,1280x720-100,23717937,23778000,60063,90.6169,1660264976.107,45.302,0.0,100.0,0.0,100.0
4449,2296774,1660264977,3.151,3.151,1.959,1280x720-50,11859141,11890494,31353,45.3148,1660264977.43,45.3021,0.0,50.0,50.0,0.0
4566,2297979,1660264978,3.945,3.945,1.959,1280x720-50,11859141,11889641,30500,45.3148,1660264978.685,0.0,0.0,50.0,0.0,50.0
4799,2300811,1660264981,3.117,3.117,1.959,1280x720-100,23717937,23778000,60063,90.6169,1660264982.044,45.3021,0.0,100.0,50.0,50.0
4916,2302995,1660264983,2.939,2.939,1.959,1280x720-50,11859141,11890493,31352,45.3148,1660264983.651,45.3021,0.0,50.0,50.0,0.0
5033,2305568,1660264986,2.364,2.364,1.959,1280x720-50,11859141,11889640,30499,45.3148,1660264986.225,0.0,0.0,50.0,0.0,50.0
5150,2308355,1660264989,1.584,1.584,1.959,1280x720-50,11859141,11889641,30500,45.3148,1660264989.128,0.0,0.0,50.0,0.0,50.0
5174,2309125,1660264989,2.814,2.814,1.959,1280x720-10,2351443,2380410,28967,9.0728,1660264989.898,36.242,0.0,10.0,40.0,-30.0
5291,2311113,1660264991,2.827,2.827,1.959,1280x720-50,11859141,11890495,31354,45.3148,1660264991.768,36.242,0.0,50.0,40.0,10.0
5408,2312208,1660264992,3.738,3.738,1.959,1280x720-50,11859141,11889639,30498,45.3147,1660264992.861,9.999999999621423e-05,0.0,50.0,0.0,50.0
5641,2314911,1660264995,3.033,3.033,1.959,1280x720-100,23717937,23778000,60063,90.6169,1660264996.539,45.3022,0.0,100.0,50.0,50.0
5758,2316006,1660264996,3.936,3.936,1.959,1280x720-50,11859141,11890494,31353,45.3148,1660264996.668,45.3021,0.0,100.0,0.0,100.0
5991,2318963,1660264999,2.987,2.987,1.959,1280x720-100,23717937,23778000,60063,90.6169,1660265000.046,45.3021,0.0,100.0,0.0,100.0
6108,2320451,1660265001,3.499,3.499,1.959,1280x720-50,11859141,11890494,31353,45.3148,1660265001.192,45.3021,0.0,100.0,0.0,100.0
6341,2323458,1660265004,2.495,2.495,1.959,1280x720-100,23717937,23777999,60062,90.6169,1660265004.112,45.3021,0.0,100.0,0.0,100.0
6458,2324672,1660265005,3.278,3.278,1.959,1280x720-50,11859141,11890473,31332,45.3148,1660265005.405,45.3021,0.0,50.0,50.0,0.0
6575,2326347,1660265007,3.61,3.610,1.959,1280x720-50,11859141,11889622,30481,45.3148,1660265007.0,0.0,0.0,50.0,0.0,50.0
6808,2329031,1660265009,2.931,2.931,1.959,1280x720-100,23717937,23777999,60062,90.6169,1660265010.193,45.3021,0.0,100.0,50.0,50.0
6925,2331032,1660265011,2.923,2.923,1.959,1280x720-50,11859141,11890478,31337,45.3148,1660265011.692,45.3021,0.0,50.0,50.0,0.0
7042,2334300,1660265014,1.665,1.665,1.959,1280x720-50,11859141,11889620,30479,45.3148,1660265014.955,0.0,0.0,50.0,0.0,50.0
7066,2335104,1660265015,2.865,2.865,1.959,1280x720-10,2351420,2380427,29007,9.0729,1660265015.804,36.2419,0.0,10.0,40.0,-30.0
7183,2336805,1660265017,3.164,3.164,1.959,1280x720-50,11859025,11890455,31430,45.3148,1660265017.566,36.2419,0.0,50.0,40.0,10.0
7300,2338219,1660265018,3.75,3.750,1.959,1280x720-50,11859025,11889600,30575,45.3148,1660265018.902,0.0,0.0,50.0,0.0,50.0
7533,2340994,1660265021,2.979,2.979,1.959,1280x720-100,23717705,23777999,60294,90.6169,1660265021.649,45.3021,0.0,100.0,50.0,50.0
7650,2342701,1660265023,3.268,3.268,1.959,1280x720-50,11859025,11890453,31428,45.3149,1660265023.363,45.302,0.0,50.0,50.0,0.0
7767,2344236,1660265024,3.737,3.737,1.959,1280x720-50,11859025,11889589,30564,45.3149,1660265024.895,0.0,0.0,50.0,0.0,50.0
8000,2346975,1660265027,2.997,2.997,1.959,1280x720-100,23717705,23777999,60294,90.6169,1660265027.634,45.302,0.0,100.0,50.0,50.0
8117,2348365,1660265029,3.608,3.608,1.959,1280x720-50,11859025,11890473,31448,45.3148,1660265029.028,45.3021,0.0,100.0,0.0,100.0
8350,2351130,1660265031,2.849,2.849,1.959,1280x720-100,23717705,23777999,60294,90.6169,1660265032.041,45.3021,0.0,100.0,0.0,100.0
8467,2352502,1660265033,3.477,3.477,1.959,1280x720-50,11859025,11890486,31461,45.3148,1660265033.233,45.3021,0.0,100.0,0.0,100.0
8700,2355593,1660265036,2.387,2.387,1.959,1280x720-100,23717705,23777999,60294,90.6169,1660265036.244,45.3021,0.0,100.0,0.0,100.0
8817,2363423,1660265044,1.042,1.042,6.433,1280x720-50,11859025,11890490,31465,45.3148,1660265044.097,45.3021,4.474,50.0,50.0,-447.40000000000003
8829,2364328,1660265044,2.164,2.164,6.433,1280x720-5,1124611,1191654,67043,4.5426,1660265045.002,40.7722,0.0,5.0,45.0,-40.0
8853,2365492,1660265046,3.009,3.009,6.433,1280x720-10,2351420,2380445,29025,9.0729,1660265046.156,4.5303,0.0,10.0,5.0,5.0
8970,2369567,1660265050,0.931,0.931,6.433,1280x720-50,11859025,11890494,31469,45.3148,1660265050.237,36.2419,0.0,50.0,40.0,10.0
8982,2370372,1660265051,2.172,2.172,6.433,1280x720-5,1124611,1191666,67055,4.5426,1660265051.044,40.7722,0.0,5.0,45.0,-40.0
9006,2371350,1660265052,3.193,3.193,6.433,1280x720-10,2351420,2383436,32016,9.0844,1660265052.006,4.5418,0.0,10.0,5.0,5.0
9123,2375028,1660265055,1.524,1.524,6.433,1280x720-50,11859025,11890493,31468,45.3148,1660265055.698,36.230399999999996,0.0,50.0,40.0,10.0
9147,2375971,1660265056,2.582,2.582,6.433,1280x720-10,2351420,2380429,29009,9.0729,1660265056.636,36.2419,0.0,10.0,40.0,-30.0
9264,2379487,1660265060,1.062,1.062,6.433,1280x720-50,11859025,11890496,31471,45.3148,1660265060.148,36.2419,0.0,50.0,40.0,10.0
9276,2379956,1660265060,2.605,2.605,6.433,1280x720-5,1124611,1191665,67054,4.5426,1660265060.617,40.7722,0.0,5.0,45.0,-40.0
9393,2383024,1660265063,1.752,1.752,6.584,1280x720-50,11859025,11890496,31471,45.3148,1660265063.685,40.7722,0.1509999999999998,50.0,45.0,-10.09999999999998
9417,2383817,1660265064,2.953,2.953,6.584,1280x720-10,2351420,2380431,29011,9.0729,1660265064.478,36.2419,0.0,10.0,40.0,-30.0
9534,2386464,1660265067,2.309,2.309,6.584,1280x720-50,11859025,11890496,31471,45.3148,1660265067.134,36.2419,0.0,50.0,40.0,10.0
9651,2388819,1660265069,1.965,1.965,6.584,1280x720-50,11859025,11889642,30617,45.3148,1660265069.482,0.0,0.0,50.0,0.0,50.0
9675,2389640,1660265070,3.141,3.141,6.584,1280x720-10,2351420,2380430,29010,9.0729,1660265070.296,36.2419,0.0,10.0,40.0,-30.0
9792,2392118,1660265072,2.662,2.662,6.584,1280x720-50,11859025,11890496,31471,45.3148,1660265072.772,36.2419,0.0,50.0,40.0,10.0
9909,2394480,1660265075,2.309,2.309,6.584,1280x720-50,11859025,11889638,30613,45.3148,1660265075.141,0.0,0.0,50.0,0.0,50.0
10026,2396833,1660265077,1.957,1.957,6.584,1280x720-50,11859025,11889641,30616,45.3148,1660265077.497,0.0,0.0,50.0,0.0,50.0
10050,2397383,1660265078,3.407,3.407,6.584,1280x720-10,2351420,2380428,29008,9.0729,1660265078.047,36.2419,0.0,10.0,40.0,-30.0
10283,2402270,1660265082,0.516,0.516,6.584,1280x720-100,23717705,23778000,60295,90.6169,1660265082.934,81.544,0.0,100.0,90.0,10.0
10296,2402624,1660265083,2.446,2.446,6.836,1280x720-5,1226847,1303355,76508,4.9681,1660265083.354,85.6488,0.25200000000000067,5.0,95.0,-115.20000000000007
10413,2404502,1660265085,2.705,2.705,6.937,1280x720-50,11859025,11890456,31431,45.3147,1660265085.158,40.3466,0.10099999999999998,50.0,45.0,-5.099999999999998
10530,2406166,1660265086,3.041,3.041,6.937,1280x720-50,11859025,11889613,30588,45.3147,1660265086.824,0.0,0.0,50.0,0.0,50.0
10647,2408444,1660265089,2.762,2.762,6.937,1280x720-50,11859025,11889595,30570,45.3149,1660265089.113,0.00019999999999953388,0.0,50.0,0.0,50.0
