,local_time,unixtimestamp,videoBuffer,audioBuffer,cumRebuffer,format_vid,byteOffset,totalByteLength,byteLength,ssim,mod_timestamp,ssim_diff,cumRebuffer_diff,New_Bitrate,New_Bitrate_diff,qoe
11,8184559,1660601838,2.002,2.002,1.66,1280x720-5,1124688,1191650,66962,4.5425,1660601838.066,0.0,0.0,5.0,0.0,5.0
35,8186530,1660601839,2.616,2.616,2.215,1280x720-10,2351466,2380435,28969,9.0729,1660601840.078,4.5304,0.5549999999999999,10.0,5.0,-50.49999999999999
152,8193265,1660601846,0.523,0.523,4.737,1280x720-50,11859257,11890482,31225,45.3148,1660601846.754,36.2419,2.5220000000000002,50.0,40.0,-242.20000000000002
164,8193863,1660601847,2.525,2.525,5.341,1280x720-5,1124633,1191657,67024,4.5424,1660601847.345,40.7724,0.6040000000000001,5.0,45.0,-100.4
281,8197209,1660601850,1.489,1.489,5.645,1280x720-50,11859257,11890466,31209,45.3147,1660601850.677,40.7723,0.3039999999999994,50.0,45.0,-25.399999999999938
293,8197606,1660601851,3.091,3.091,5.645,1280x720-5,1124633,1191662,67029,4.5426,1660601851.088,40.7721,0.0,5.0,45.0,-40.0
410,8199544,1660601853,3.154,3.154,5.645,1280x720-50,11859141,11910369,51228,45.3908,1660601853.017,40.8482,0.0,50.0,45.0,5.0
527,8201444,1660601854,3.261,3.261,5.645,1280x720-50,11859141,11889578,30437,45.3149,1660601854.932,0.07589999999999719,0.0,50.0,0.0,50.0
649,8203752,1660601857,2.951,2.951,5.645,1280x720-50,12370306,12466795,96489,47.5145,1660601857.238,2.1995999999999967,0.0,50.0,0.0,50.0
766,8206186,1660601859,2.521,2.521,5.645,1280x720-50,11859141,11889575,30434,45.3147,1660601859.664,2.199799999999996,0.0,50.0,0.0,50.0
883,8208660,1660601862,2.05,2.050,5.645,1280x720-50,11859141,11889584,30443,45.3149,1660601862.132,0.00019999999999953388,0.0,50.0,0.0,50.0
909,8209586,1660601863,3.126,3.126,5.645,1280x720-10,2555915,2565102,9187,9.7767,1660601863.245,35.5382,0.0,10.0,40.0,-30.0
1026,8214501,1660601867,0.735,0.735,6.151,1280x720-50,11859141,11890462,31321,45.3149,1660601868.009,35.5382,0.5060000000000002,50.0,40.0,-40.60000000000002
1038,8215011,1660601868,2.737,2.737,6.656,1280x720-5,1124622,1191659,67037,4.5426,1660601868.51,40.7723,0.5049999999999999,5.0,45.0,-90.49999999999999
1155,8219067,1660601872,0.882,0.882,6.858,1280x720-50,11859141,11890451,31310,45.3149,1660601872.558,40.7723,0.20199999999999996,50.0,45.0,-15.199999999999996
1167,8219508,1660601872,2.452,2.452,6.858,1280x720-5,1124622,1191655,67033,4.5425,1660601872.999,40.772400000000005,0.0,5.0,45.0,-40.0
1284,8222756,1660601876,1.198,1.198,6.858,1280x720-50,11859141,11890456,31315,45.3149,1660601876.236,40.772400000000005,0.0,50.0,45.0,5.0
1296,8223153,1660601876,2.806,2.806,6.858,1280x720-5,1124622,1191649,67027,4.5425,1660601876.633,40.772400000000005,0.0,5.0,45.0,-40.0
1413,8226443,1660601879,1.517,1.517,6.858,1280x720-50,11859141,11890443,31302,45.3148,1660601879.91,40.7723,0.0,50.0,45.0,5.0
1437,8227120,1660601880,2.841,2.841,6.858,1280x720-10,2351443,2380413,28970,9.0728,1660601880.677,36.242,0.0,10.0,40.0,-30.0
1554,8229962,1660601883,2.001,2.001,6.858,1280x720-50,11859141,11890428,31287,45.3147,1660601883.434,36.2419,0.0,50.0,40.0,10.0
1578,8230639,1660601884,3.332,3.332,6.858,1280x720-10,2351443,2380431,28988,9.0729,1660601884.119,36.2418,0.0,10.0,40.0,-30.0
1811,8236254,1660601889,0.791,0.791,7.867,1280x720-100,23717937,23777999,60062,90.6169,1660601889.723,81.544,1.0090000000000003,100.0,90.0,-90.90000000000003
1823,8236564,1660601890,2.793,2.793,8.168,1280x720-5,1124622,1191652,67030,4.5425,1660601890.03,86.0744,0.30099999999999927,5.0,95.0,-120.09999999999992
1940,8238437,1660601891,2.95,2.950,8.218,1280x720-50,11859141,11890467,31326,45.3147,1660601891.915,40.7722,0.05000000000000071,50.0,45.0,-7.105427357601002e-14
2057,8240140,1660601893,3.254,3.254,8.218,1280x720-50,11859141,11889613,30472,45.3147,1660601893.61,0.0,0.0,50.0,0.0,50.0
2174,8241431,1660601894,3.964,3.964,8.218,1280x720-50,11859141,11889588,30447,45.3149,1660601894.897,0.00019999999999953388,0.0,50.0,0.0,50.0
2407,8244532,1660601897,2.867,2.867,8.218,1280x720-100,23717937,23777997,60060,90.6169,1660601898.046,45.302,0.0,100.0,50.0,50.0
2524,8245566,1660601899,3.834,3.834,8.218,1280x720-50,11859141,11890458,31317,45.3148,1660601899.036,45.3021,0.0,100.0,0.0,100.0
2757,8248276,1660601901,3.13,3.130,8.218,1280x720-100,23717937,23777999,60062,90.6169,1660601902.064,45.3021,0.0,100.0,0.0,100.0
2874,8249436,1660601902,3.97,3.970,8.218,1280x720-50,11859141,11890479,31338,45.3148,1660601902.914,45.3021,0.0,100.0,0.0,100.0
3107,8252183,1660601905,3.226,3.226,8.218,1280x720-100,23717937,23777999,60062,90.6169,1660601906.065,45.3021,0.0,100.0,0.0,100.0
3224,8253337,1660601906,4.065,4.065,8.218,1280x720-50,11859141,11890488,31347,45.3148,1660601906.821,45.3021,0.0,100.0,0.0,100.0
3457,8257076,1660601910,2.331,2.331,8.218,1280x720-100,23717937,23777999,60062,90.6169,1660601911.001,45.3021,0.0,100.0,0.0,100.0
3574,8258574,1660601912,2.836,2.836,8.218,1280x720-50,11859141,11890493,31352,45.3148,1660601912.042,45.3021,0.0,50.0,50.0,0.0
3691,8259796,1660601913,3.617,3.617,8.218,1280x720-50,11859141,11889639,30498,45.3149,1660601913.264,0.00010000000000331966,0.0,50.0,0.0,50.0
3924,8263633,1660601917,1.779,1.779,8.218,1280x720-100,23717937,23778000,60063,90.6169,1660601917.106,45.302,0.0,100.0,50.0,50.0
3948,8264152,1660601917,3.261,3.261,8.218,1280x720-10,2351443,2380428,28985,9.0729,1660601917.625,81.544,0.0,10.0,90.0,-80.0
4065,8265885,1660601919,3.532,3.532,8.218,1280x720-50,11859141,11890495,31354,45.3148,1660601919.366,36.2419,0.0,50.0,40.0,10.0
4298,8269221,1660601922,2.197,2.197,8.218,1280x720-100,23717937,23778000,60063,90.6169,1660601922.696,45.3021,0.0,100.0,50.0,50.0
4322,8269648,1660601923,3.773,3.773,8.218,1280x720-10,2351443,2380426,28983,9.0729,1660601923.122,81.544,0.0,10.0,90.0,-80.0
4555,8272361,1660601925,3.06,3.060,8.218,1280x720-100,23717937,23778000,60063,90.6169,1660601925.833,81.544,0.0,100.0,90.0,10.0
4672,8273563,1660601927,3.867,3.867,8.218,1280x720-50,11859141,11890495,31354,45.3148,1660601927.036,45.3021,0.0,100.0,0.0,100.0
4905,8276759,1660601930,2.67,2.670,8.218,1280x720-100,23717937,23777999,60062,90.6169,1660601931.035,45.3021,0.0,100.0,0.0,100.0
5022,8277976,1660601931,3.455,3.455,8.218,1280x720-50,11859141,11890495,31354,45.3148,1660601931.442,45.3021,0.0,100.0,0.0,100.0
5255,8280576,1660601934,2.858,2.858,8.218,1280x720-100,23717937,23778000,60063,90.6168,1660601934.042,45.302,0.0,100.0,0.0,100.0
5372,8281766,1660601935,3.672,3.672,8.218,1280x720-50,11859141,11890495,31354,45.3148,1660601935.234,45.302,0.0,100.0,0.0,100.0
5605,8284793,1660601938,2.648,2.648,8.218,1280x720-100,23717937,23778000,60063,90.6169,1660601939.031,45.3021,0.0,100.0,0.0,100.0
5722,8285986,1660601939,3.458,3.458,8.218,1280x720-50,11859141,11890494,31353,45.3148,1660601939.456,45.3021,0.0,100.0,0.0,100.0
5955,8288326,1660601941,3.12,3.120,8.218,1280x720-100,23717937,23777999,60062,90.6169,1660601942.056,45.3021,0.0,100.0,0.0,100.0
6072,8289520,1660601942,3.922,3.922,8.218,1280x720-50,11859141,11890491,31350,45.3148,1660601942.986,45.3021,0.0,100.0,0.0,100.0
6305,8292779,1660601946,2.668,2.668,8.218,1280x720-100,23717937,23777999,60062,90.6169,1660601947.028,45.3021,0.0,100.0,0.0,100.0
6422,8294201,1660601947,3.241,3.241,8.218,1280x720-50,11859141,11890476,31335,45.3148,1660601947.67,45.3021,0.0,50.0,50.0,0.0
6539,8295683,1660601949,3.767,3.767,8.218,1280x720-50,11859141,11889606,30465,45.3147,1660601949.153,9.999999999621423e-05,0.0,50.0,0.0,50.0
6772,8298587,1660601952,2.865,2.865,8.218,1280x720-100,23717937,23777999,60062,90.6169,1660601952.059,45.3022,0.0,100.0,50.0,50.0
6889,8300647,1660601954,2.811,2.811,8.218,1280x720-50,11859141,11890474,31333,45.3148,1660601954.121,45.3021,0.0,50.0,50.0,0.0
7006,8304163,1660601957,1.296,1.296,8.218,1280x720-50,11859025,11889608,30583,45.3149,1660601957.648,0.00010000000000331966,0.0,50.0,0.0,50.0
7018,8304685,1660601958,2.77,2.770,8.218,1280x720-5,1124611,1191657,67046,4.5425,1660601958.193,40.772400000000005,0.0,5.0,45.0,-40.0
7135,8308309,1660601961,1.152,1.152,8.218,1280x720-50,11859025,11890454,31429,45.3148,1660601961.803,40.7723,0.0,50.0,45.0,5.0
7147,8308815,1660601962,2.643,2.643,8.218,1280x720-5,1124611,1191662,67051,4.5426,1660601962.293,40.7722,0.0,5.0,45.0,-40.0
7264,8311401,1660601964,2.062,2.062,8.218,1280x720-50,11859025,11890453,31428,45.3149,1660601964.898,40.7723,0.0,50.0,45.0,5.0
7288,8311996,1660601965,3.468,3.468,8.218,1280x720-10,2351420,2380428,29008,9.0729,1660601965.595,36.242000000000004,0.0,10.0,40.0,-30.0
7521,8316502,1660601969,0.969,0.969,8.218,1280x720-100,23717705,23777999,60294,90.6169,1660601969.968,81.544,0.0,100.0,90.0,10.0
7533,8316749,1660601970,2.717,2.717,8.218,1280x720-5,1124611,1191668,67057,4.5426,1660601970.247,86.0743,0.0,5.0,95.0,-90.0
7650,8318515,1660601971,3.168,3.168,8.37,1280x720-50,11859025,11890488,31463,45.3148,1660601971.987,40.7722,0.15199999999999925,50.0,45.0,-10.199999999999925
7767,8320125,1660601973,3.55,3.550,8.37,1280x720-50,11859025,11889632,30607,45.3148,1660601973.639,0.0,0.0,50.0,0.0,50.0
8000,8322665,1660601976,3.013,3.013,8.37,1280x720-100,23717705,23777999,60294,90.6169,1660601976.136,45.3021,0.0,100.0,50.0,50.0
8117,8324814,1660601978,2.874,2.874,8.37,1280x720-50,11859025,11890490,31465,45.3148,1660601978.283,45.3021,0.0,50.0,50.0,0.0
8234,8327031,1660601980,2.657,2.657,8.37,1280x720-50,11859025,11889638,30613,45.3148,1660601980.504,0.0,0.0,50.0,0.0,50.0
8351,8328991,1660601982,2.7,2.700,8.37,1280x720-50,11859025,11889642,30617,45.3148,1660601982.465,0.0,0.0,50.0,0.0,50.0
8468,8332842,1660601986,0.849,0.849,8.37,1280x720-50,11859025,11889640,30615,45.3148,1660601986.487,0.0,0.0,50.0,0.0,50.0
8480,8333924,1660601987,1.95,1.950,8.474,1280x720-5,1124611,1191666,67055,4.5426,1660601987.624,40.7722,0.10400000000000098,5.0,45.0,-50.4000000000001
8504,8335724,1660601989,2.153,2.153,8.474,1280x720-10,2351420,2383436,32016,9.0844,1660601989.637,4.5418,0.0,10.0,5.0,5.0
8528,8338890,1660601992,1.243,1.243,8.676,1280x720-10,2351420,2379564,28144,9.0728,1660601992.408,0.01159999999999961,0.20199999999999996,10.0,0.0,-10.199999999999996
8540,8339984,1660601993,2.208,2.208,8.676,1280x720-5,1124611,1191656,67045,4.5425,1660601993.518,4.5303,0.0,5.0,5.0,0.0
8564,8341713,1660601995,2.486,2.486,8.676,1280x720-10,2351420,2380442,29022,9.0729,1660601995.187,4.5304,0.0,10.0,5.0,5.0
8681,8348188,1660602001,0.714,0.714,11.344,1280x720-50,11859025,11890495,31470,45.3148,1660602001.686,36.2419,2.6679999999999993,50.0,40.0,-256.79999999999995
8693,8349119,1660602002,2.319,2.319,11.8,1280x720-5,1124611,1191670,67059,4.5426,1660602002.603,40.7722,0.4560000000000013,5.0,45.0,-85.60000000000014
8810,8353942,1660602007,0.731,0.731,12.959,1280x720-50,11859025,11890494,31469,45.3148,1660602007.41,40.7722,1.158999999999999,50.0,45.0,-110.89999999999989
8822,8354384,1660602007,2.733,2.733,13.413,1280x720-5,1124611,1191668,67057,4.5426,1660602007.852,40.7722,0.4540000000000006,5.0,45.0,-85.40000000000006
8939,8360062,1660602013,1.186,1.186,15.479,1280x720-50,11859025,11890496,31471,45.3148,1660602013.532,40.7722,2.065999999999999,50.0,45.0,-201.5999999999999
8951,8360528,1660602013,2.875,2.875,15.63,1280x720-5,1124611,1191664,67053,4.5426,1660602013.998,40.7722,0.15100000000000158,5.0,45.0,-55.10000000000016
9068,8364220,1660602017,1.186,1.186,15.63,1280x720-50,11859025,11890496,31471,45.3148,1660602017.686,40.7722,0.0,50.0,45.0,5.0
9080,8364636,1660602018,2.773,2.773,15.63,1280x720-5,1124611,1191659,67048,4.5426,1660602018.102,40.7722,0.0,5.0,45.0,-40.0
9197,8368373,1660602021,1.038,1.038,15.63,1280x720-50,11859025,11890495,31470,45.3148,1660602021.863,40.7722,0.0,50.0,45.0,5.0
9209,8368914,1660602022,2.498,2.498,15.63,1280x720-5,1124611,1191662,67051,4.5426,1660602022.403,40.7722,0.0,5.0,45.0,-40.0
9326,8372102,1660602025,1.397,1.397,15.681,1280x720-50,11859025,11890495,31470,45.3148,1660602025.604,40.7722,0.05099999999999838,50.0,45.0,-0.099999999999838
9339,8372615,1660602026,2.893,2.893,15.681,1280x720-5,1226847,1303355,76508,4.9681,1660602026.127,40.3467,0.0,5.0,45.0,-40.0
9456,8376587,1660602030,0.914,0.914,15.681,1280x720-50,11859025,11890456,31431,45.3147,1660602030.075,40.3466,0.0,50.0,45.0,5.0
9468,8377143,1660602030,2.37,2.370,15.681,1280x720-5,1124611,1191658,67047,4.5426,1660602030.631,40.7721,0.0,5.0,45.0,-40.0
9585,8379706,1660602033,1.886,1.886,15.733,1280x720-50,11859025,11890449,31424,45.3149,1660602033.184,40.7723,0.05200000000000138,50.0,45.0,-0.20000000000013785
9609,8380318,1660602033,3.28,3.280,15.733,1280x720-10,2351420,2380422,29002,9.0729,1660602033.796,36.242000000000004,0.0,10.0,40.0,-30.0
9726,8382967,1660602036,2.634,2.634,15.733,1280x720-50,11859025,11890474,31449,45.3148,1660602036.445,36.2419,0.0,50.0,40.0,10.0
9854,8386756,1660602040,0.848,0.848,15.733,1280x720-50,12983577,12990457,6880,49.5103,1660602040.222,4.195500000000003,0.0,50.0,0.0,50.0
9866,8387224,1660602040,2.419,2.419,15.733,1280x720-5,1124611,1191661,67050,4.5426,1660602040.69,44.9677,0.0,5.0,45.0,-40.0
9983,8390087,1660602043,1.552,1.552,15.733,1280x720-50,11859141,11890450,31309,45.315,1660602043.571,40.7724,0.0,50.0,45.0,5.0
10007,8390657,1660602044,2.983,2.983,15.733,1280x720-10,2351420,2380427,29007,9.0729,1660602044.132,36.24209999999999,0.0,10.0,40.0,-30.0
10124,8392850,1660602046,2.789,2.789,15.733,1280x720-50,11859025,11890438,31413,45.3149,1660602046.335,36.242000000000004,0.0,50.0,40.0,10.0
10241,8394967,1660602048,2.675,2.675,15.733,1280x720-50,11859025,11889586,30561,45.3149,1660602048.443,0.0,0.0,50.0,0.0,50.0
10358,8396845,1660602050,2.803,2.803,15.733,1280x720-50,11859025,11889599,30574,45.3148,1660602050.32,0.00010000000000331966,0.0,50.0,0.0,50.0
10475,8398691,1660602052,2.956,2.956,15.733,1280x720-50,11859025,11889613,30588,45.3147,1660602052.162,9.999999999621423e-05,0.0,50.0,0.0,50.0
10592,8400187,1660602053,3.469,3.469,15.733,1280x720-50,11859025,11889588,30563,45.3149,1660602053.666,0.00019999999999953388,0.0,50.0,0.0,50.0
10825,8403801,1660602057,1.853,1.853,15.733,1280x720-100,23717705,23777998,60293,90.6169,1660602057.542,45.302,0.0,100.0,50.0,50.0
10849,8404247,1660602057,3.41,3.410,15.733,1280x720-10,2351420,2384526,33106,9.0885,1660602057.988,81.5284,0.0,10.0,90.0,-80.0
11082,8406945,1660602060,2.717,2.717,15.733,1280x720-100,23717705,23777998,60293,90.6169,1660602060.413,81.5284,0.0,100.0,90.0,10.0
11199,8408014,1660602061,3.645,3.645,15.733,1280x720-50,11859025,11890468,31443,45.3147,1660602061.483,45.3022,0.0,100.0,0.0,100.0
11432,8411356,1660602064,2.307,2.307,15.733,1280x720-100,23717705,23777999,60294,90.6169,1660602065.001,45.3022,0.0,100.0,0.0,100.0
11549,8412529,1660602065,3.139,3.139,15.733,1280x720-50,11859141,11890451,31310,45.315,1660602066.011,45.3019,0.0,50.0,50.0,0.0
