,local_time,unixtimestamp,videoBuffer,audioBuffer,cumRebuffer,format_vid,byteOffset,totalByteLength,byteLength,ssim,mod_timestamp,ssim_diff,cumRebuffer_diff,New_Bitrate,New_Bitrate_diff,qoe
11,4240131,1660266475,2.002,2.002,1.257,1280x720-5,1124688,1191650,66962,4.5425,1660266475.548,0.0,0.0,5.0,0.0,5.0
35,4242517,1660266477,1.628,1.628,1.308,1280x720-10,2351466,2380435,28969,9.0729,1660266477.953,4.5304,0.051000000000000156,10.0,5.0,-0.10000000000001563
60,4244358,1660266479,1.787,1.787,1.308,1280x720-10,2453703,2522123,68420,9.6161,1660266479.743,0.5431999999999988,0.0,10.0,0.0,10.0
84,4246011,1660266481,2.139,2.139,1.308,1280x720-10,2351466,2379547,28081,9.0728,1660266481.386,0.5432999999999986,0.0,10.0,0.0,10.0
108,4249360,1660266484,1.897,1.897,2.368,1280x720-10,2351466,2379571,28105,9.0729,1660266484.775,9.999999999976694e-05,1.0599999999999998,10.0,0.0,-95.99999999999999
132,4252086,1660266487,1.172,1.172,2.368,1280x720-10,2351466,2379569,28103,9.0729,1660266487.754,0.0,0.0,10.0,0.0,10.0
144,4253250,1660266488,2.014,2.014,2.368,1280x720-5,1124622,1191644,67022,4.5425,1660266488.65,4.5304,0.0,5.0,5.0,0.0
168,4254847,1660266490,2.42,2.420,2.368,1280x720-10,2351443,2380418,28975,9.0728,1660266490.232,4.5303,0.0,10.0,5.0,5.0
290,4263516,1660266498,0.267,0.267,6.747,1280x720-50,12370306,12467649,97343,47.5145,1660266498.998,38.4417,4.379,50.0,40.0,-427.9
302,4264252,1660266499,2.212,2.212,7.404,1280x720-5,1124622,1191655,67033,4.5425,1660266499.736,42.971999999999994,0.657,5.0,45.0,-105.7
326,4264871,1660266500,3.596,3.596,7.404,1280x720-10,2351443,2380427,28984,9.0729,1660266500.257,4.5304,0.0,10.0,5.0,5.0
559,4277847,1660266513,1.033,1.033,15.805,1280x720-100,23718169,23777983,59814,90.617,1660266513.25,81.5441,8.401,100.0,90.0,-830.1
571,4278639,1660266514,2.687,2.687,16.207,1280x720-5,1124622,1191654,67032,4.5425,1660266514.033,86.0745,0.402000000000001,5.0,95.0,-130.2000000000001
688,4284569,1660266519,1.181,1.181,18.572,1280x720-50,11859141,11890471,31330,45.3148,1660266519.966,40.7723,2.3649999999999984,50.0,45.0,-231.49999999999983
700,4286079,1660266521,1.803,1.803,18.672,1280x720-5,1124622,1191651,67029,4.5425,1660266521.577,40.7723,0.10000000000000142,5.0,45.0,-50.00000000000014
724,4287810,1660266523,2.068,2.068,18.672,1280x720-10,2351443,2380419,28976,9.0728,1660266523.25,4.5303,0.0,10.0,5.0,5.0
748,4288836,1660266524,3.045,3.045,18.672,1280x720-10,2351443,2379573,28130,9.0729,1660266524.244,9.999999999976694e-05,0.0,10.0,0.0,10.0
865,4301438,1660266536,0.811,0.811,26.98,1280x720-50,11859141,11890433,31292,45.3148,1660266537.218,36.2419,8.308,50.0,40.0,-820.8
877,4302806,1660266538,2.327,2.327,27.834,1280x720-5,1124622,1191657,67035,4.5425,1660266538.223,40.7723,0.8539999999999992,5.0,45.0,-125.39999999999992
994,4324591,1660266559,1.056,1.056,46.238,1280x720-50,11859141,11890435,31294,45.3149,1660266559.974,40.772400000000005,18.404,50.0,45.0,-1835.4
1006,4326942,1660266562,1.449,1.449,46.991,1280x720-5,1124622,1191648,67026,4.5425,1660266562.552,40.772400000000005,0.7530000000000001,5.0,45.0,-115.30000000000001
1018,4328244,1660266563,2.153,2.153,46.991,1280x720-5,1124622,1190808,66186,4.5426,1660266563.722,9.999999999976694e-05,0.0,5.0,0.0,5.0
1042,4330445,1660266565,2.003,2.003,46.991,1280x720-10,2351443,2380427,28984,9.0729,1660266565.88,4.5303,0.0,10.0,5.0,5.0
1066,4332328,1660266567,2.123,2.123,46.991,1280x720-10,2351443,2379571,28128,9.0729,1660266567.747,0.0,0.0,10.0,0.0,10.0
1090,4334982,1660266570,1.466,1.466,46.991,1280x720-10,2351443,2379575,28132,9.0729,1660266571.07,0.0,0.0,10.0,0.0,10.0
1102,4338038,1660266573,1.055,1.055,47.597,1280x720-5,1124622,1191656,67034,4.5425,1660266573.516,4.5304,0.6060000000000016,5.0,5.0,-60.600000000000165
1114,4340629,1660266576,0.845,0.845,47.899,1280x720-5,1124622,1190800,66178,4.5425,1660266576.01,0.0,0.3019999999999996,5.0,0.0,-25.19999999999996
1126,4364011,1660266599,0.572,0.572,68.881,1280x720-5,1124622,1190806,66184,4.5426,1660266601.093,9.999999999976694e-05,20.982,5.0,0.0,-2093.2
1138,4369964,1660266605,1.232,1.232,73.46,1280x720-5,1124622,1190809,66187,4.5426,1660266605.695,0.0,4.5789999999999935,5.0,0.0,-452.89999999999935
1150,4394047,1660266629,0.718,0.718,94.984,1280x720-5,1124622,1190812,66190,4.5426,1660266629.75,0.0,21.524,5.0,0.0,-2147.4
1162,4396566,1660266631,1.216,1.216,95.942,1280x720-5,1124622,1190807,66185,4.5426,1660266632.049,0.0,0.9579999999999984,5.0,0.0,-90.79999999999984
1174,4399912,1660266635,0.564,0.564,96.547,1280x720-5,1124622,1190810,66188,4.5426,1660266636.289,0.0,0.605000000000004,5.0,0.0,-55.5000000000004
1186,4401882,1660266637,2.092,2.092,98.054,1280x720-5,1124622,1190806,66184,4.5426,1660266637.295,0.0,1.507000000000005,5.0,0.0,-145.7000000000005
1210,4407029,1660266642,1.019,1.019,100.068,1280x720-10,2351443,2388801,37358,9.1048,1660266642.601,4.562199999999999,2.013999999999996,10.0,5.0,-196.39999999999958
1222,4409142,1660266644,1.374,1.374,100.473,1280x720-5,1124622,1191636,67014,4.5425,1660266644.538,4.562299999999999,0.40500000000000114,5.0,5.0,-40.500000000000114
1234,4410284,1660266645,2.234,2.234,100.473,1280x720-5,1124622,1190799,66177,4.5426,1660266645.801,9.999999999976694e-05,0.0,5.0,0.0,5.0
1258,4412083,1660266647,2.44,2.440,100.473,1280x720-10,2351466,2380438,28972,9.073,1660266647.521,4.5304,0.0,10.0,5.0,5.0
