,local_time,unixtimestamp,videoBuffer,audioBuffer,cumRebuffer,format_vid,byteOffset,totalByteLength,byteLength,ssim,mod_timestamp,ssim_diff,cumRebuffer_diff,New_Bitrate,New_Bitrate_diff,qoe
11,3903507,1660578885,1.68,1.680,3.273,1280x720-5,1124688,1191650,66962,4.5425,1660578885.309,0.0,0.0,5.0,0.0,5.0
35,3908603,1660578890,1.696,1.696,6.348,1280x720-10,2351466,2380435,28969,9.0729,1660578890.125,4.5304,3.0749999999999997,10.0,5.0,-302.5
60,3915475,1660578896,0.641,0.641,10.027,1280x720-10,2453703,2522123,68420,9.6161,1660578897.618,0.5431999999999988,3.6789999999999994,10.0,0.0,-357.8999999999999
72,3920543,1660578902,1.312,1.312,13.752,1280x720-5,1124633,1191657,67024,4.5424,1660578902.127,5.0737,3.7250000000000014,5.0,5.0,-372.5000000000001
84,3923613,1660578905,1.235,1.235,14.662,1280x720-5,1124633,1190807,66174,4.5426,1660578905.131,0.00020000000000042206,0.9100000000000001,5.0,0.0,-86.00000000000001
96,3925837,1660578907,1.62,1.620,15.267,1280x720-5,1124633,1190809,66176,4.5426,1660578907.541,0.0,0.6049999999999986,5.0,0.0,-55.499999999999865
120,3933754,1660578915,0.235,0.235,19.703,1280x720-10,2351443,2380417,28974,9.0728,1660578915.784,4.530200000000001,4.436,10.0,5.0,-438.6
132,3941195,1660578922,1.053,1.053,25.955,1280x720-5,1124622,1191647,67025,4.5425,1660578923.64,4.5303,6.251999999999999,5.0,5.0,-625.1999999999999
144,3947650,1660578929,0.894,0.894,30.143,1280x720-5,1124622,1190804,66182,4.5425,1660578929.476,0.0,4.188000000000002,5.0,0.0,-413.80000000000024
156,3951673,1660578933,1.058,1.058,32.308,1280x720-5,1124622,1190802,66180,4.5425,1660578933.216,0.0,2.164999999999999,5.0,0.0,-211.49999999999991
168,3954775,1660578936,0.724,0.724,33.015,1280x720-5,1124622,1190801,66179,4.5425,1660578936.28,0.0,0.7070000000000007,5.0,0.0,-65.70000000000007
180,3957086,1660578938,1.769,1.769,34.331,1280x720-5,1124622,1190796,66174,4.5425,1660578938.601,0.0,1.3160000000000025,5.0,0.0,-126.60000000000025
204,3964073,1660578945,1.235,1.235,38.665,1280x720-10,2351443,2380421,28978,9.0729,1660578945.757,4.5304,4.333999999999996,10.0,5.0,-428.39999999999964
216,3966878,1660578948,1.537,1.537,39.726,1280x720-5,1124622,1191659,67037,4.5426,1660578948.479,4.5303,1.061,5.0,5.0,-106.1
240,3978745,1660578960,0.498,0.498,48.493,1280x720-10,2351443,2380421,28978,9.0729,1660578960.505,4.5303,8.767000000000003,10.0,5.0,-871.7000000000003
252,3984435,1660578965,1.055,1.055,52.624,1280x720-5,1124622,1191655,67033,4.5425,1660578966.1,4.5304,4.131,5.0,5.0,-413.1
264,3987957,1660578969,1.368,1.368,54.386,1280x720-5,1124622,1190801,66179,4.5425,1660578969.522,0.0,1.7620000000000005,5.0,0.0,-171.20000000000005
276,3991858,1660578973,1.212,1.212,56.101,1280x720-5,1124622,1190796,66174,4.5425,1660578973.588,0.0,1.7149999999999963,5.0,0.0,-166.49999999999963
288,3999817,1660578981,1.212,1.212,61.949,1280x720-5,1124622,1190804,66182,4.5425,1660578982.024,0.0,5.847999999999999,5.0,0.0,-579.8
300,4008899,1660578990,0.972,0.972,68.694,1280x720-5,1124622,1197826,73204,4.5693,1660578990.853,0.026799999999999713,6.7450000000000045,5.0,0.0,-669.5000000000005
312,4024227,1660579005,1.053,1.053,82.029,1280x720-5,1124622,1190795,66173,4.5425,1660579005.84,0.026799999999999713,13.334999999999994,5.0,0.0,-1328.4999999999993
324,4032112,1660579013,0.715,0.715,87.519,1280x720-5,1124622,1190808,66186,4.5426,1660579014.719,9.999999999976694e-05,5.490000000000009,5.0,0.0,-544.0000000000009
336,4037799,1660579019,1.052,1.052,91.499,1280x720-5,1124622,1190801,66179,4.5425,1660579021.256,9.999999999976694e-05,3.9799999999999898,5.0,0.0,-392.999999999999
348,4041676,1660579023,0.4,0.400,92.658,1280x720-5,1124622,1190799,66177,4.5425,1660579023.817,0.0,1.159000000000006,5.0,0.0,-110.9000000000006
360,4043996,1660579025,1.772,1.772,94.368,1280x720-5,1124622,1190801,66179,4.5425,1660579025.714,0.0,1.7099999999999937,5.0,0.0,-165.99999999999937
384,4045377,1660579026,2.39,2.390,94.368,1280x720-10,2351443,2380427,28984,9.0729,1660579026.959,4.5304,0.0,10.0,5.0,5.0
501,4050293,1660579031,0.907,0.907,95.728,1280x720-50,11859141,11890442,31301,45.3149,1660579031.835,36.242000000000004,1.3599999999999994,50.0,40.0,-125.99999999999994
513,4051491,1660579032,2.808,2.808,96.834,1280x720-5,1124622,1191659,67037,4.5426,1660579032.992,40.7723,1.1060000000000088,5.0,45.0,-150.60000000000088
630,4058285,1660579039,0.322,0.322,99.1,1280x720-50,11859141,11890458,31317,45.3148,1660579039.918,40.7722,2.265999999999991,50.0,45.0,-221.5999999999991
642,4058965,1660579040,2.273,2.273,99.705,1280x720-5,1124622,1191665,67043,4.5426,1660579040.47,40.7722,0.605000000000004,5.0,45.0,-100.5000000000004
666,4059893,1660579041,3.794,3.794,100.108,1280x720-10,2351443,2380429,28986,9.0729,1660579041.413,4.5303,0.4030000000000058,10.0,5.0,-35.30000000000058
899,4067315,1660579048,0.769,0.769,102.426,1280x720-100,23717937,23777999,60062,90.6169,1660579048.907,81.544,2.317999999999998,100.0,90.0,-221.79999999999978
911,4067754,1660579049,2.771,2.771,102.878,1280x720-5,1124622,1191659,67037,4.5426,1660579049.439,86.0743,0.4519999999999982,5.0,95.0,-135.19999999999982
1028,4073147,1660579054,0.656,0.656,104.088,1280x720-50,11859141,11890479,31338,45.3149,1660579054.679,40.7723,1.2099999999999937,50.0,45.0,-115.99999999999937
1040,4073637,1660579055,2.627,2.627,104.541,1280x720-5,1124622,1191636,67014,4.5425,1660579055.14,40.772400000000005,0.45300000000000296,5.0,45.0,-85.3000000000003
1157,4080830,1660579062,1.053,1.053,108.114,1280x720-50,11859141,11890493,31352,45.3149,1660579062.36,40.772400000000005,3.5730000000000075,50.0,45.0,-352.30000000000075
1169,4081978,1660579063,2.006,2.006,108.166,1280x720-5,1124622,1191662,67040,4.5426,1660579063.736,40.7723,0.0519999999999925,5.0,45.0,-45.19999999999925
1193,4084429,1660579065,1.56,1.560,108.166,1280x720-10,2351443,2380428,28985,9.0729,1660579066.011,4.5303,0.0,10.0,5.0,5.0
1217,4086471,1660579067,1.517,1.517,108.166,1280x720-10,2351443,2379562,28119,9.0728,1660579068.001,9.999999999976694e-05,0.0,10.0,0.0,10.0
1241,4089027,1660579070,1.063,1.063,108.217,1280x720-10,2351443,2379567,28124,9.0729,1660579070.592,9.999999999976694e-05,0.05100000000000193,10.0,0.0,4.899999999999807
1253,4090196,1660579071,1.986,1.986,108.267,1280x720-5,1124622,1191656,67034,4.5426,1660579071.699,4.5303,0.04999999999999716,5.0,5.0,-4.999999999999716
1277,4092395,1660579073,1.785,1.785,108.267,1280x720-10,2351443,2380419,28976,9.0729,1660579073.938,4.5303,0.0,10.0,5.0,5.0
1301,4093553,1660579075,2.633,2.633,108.267,1280x720-10,2351443,2379575,28132,9.0729,1660579075.061,0.0,0.0,10.0,0.0,10.0
1418,4099390,1660579080,1.06,1.060,110.483,1280x720-50,11859141,11890493,31352,45.3148,1660579080.912,36.2419,2.216000000000008,50.0,40.0,-211.60000000000082
1430,4099861,1660579081,2.591,2.591,110.483,1280x720-5,1124622,1191656,67034,4.5426,1660579081.471,40.7722,0.0,5.0,45.0,-40.0
1547,4104500,1660579085,1.032,1.032,111.541,1280x720-50,11859141,11890493,31352,45.3147,1660579086.138,40.7721,1.0579999999999927,50.0,45.0,-100.79999999999927
1559,4104965,1660579086,2.563,2.563,111.541,1280x720-5,1124622,1191646,67024,4.5425,1660579086.465,40.7722,0.0,5.0,45.0,-40.0
1676,4108889,1660579090,0.639,0.639,111.541,1280x720-50,11859141,11890494,31353,45.3148,1660579090.407,40.7723,0.0,50.0,45.0,5.0
1688,4109448,1660579090,2.435,2.435,111.844,1280x720-5,1124622,1191658,67036,4.5426,1660579090.966,40.7722,0.30299999999999727,5.0,45.0,-70.29999999999973
1805,4115156,1660579096,1.046,1.046,114.061,1280x720-50,11859141,11890494,31353,45.3148,1660579096.675,40.7722,2.217000000000013,50.0,45.0,-216.7000000000013
1817,4115542,1660579097,3.048,3.048,114.463,1280x720-5,1124622,1191665,67043,4.5426,1660579097.049,40.7722,0.4019999999999868,5.0,45.0,-80.19999999999868
1934,4122130,1660579103,0.205,0.205,116.124,1280x720-50,11859141,11890473,31332,45.3148,1660579103.717,40.7722,1.6610000000000014,50.0,45.0,-161.10000000000014
1946,4122607,1660579104,2.207,2.207,116.627,1280x720-5,1124622,1191661,67039,4.5426,1660579104.13,40.7722,0.5030000000000001,5.0,45.0,-90.30000000000001
1970,4123061,1660579104,4.209,4.209,117.08,1280x720-10,2351443,2380423,28980,9.0729,1660579104.584,4.5303,0.45300000000000296,10.0,5.0,-40.300000000000296
2203,4139941,1660579121,0.92,0.920,128.55,1280x720-100,23717937,23777999,60062,90.6169,1660579121.448,81.544,11.470000000000013,100.0,90.0,-1137.0000000000014
2215,4140355,1660579121,2.922,2.922,129.002,1280x720-5,1124622,1191657,67035,4.5425,1660579121.862,86.0744,0.4519999999999982,5.0,95.0,-135.19999999999982
2332,4144408,1660579125,1.507,1.507,129.605,1280x720-50,11859025,11890462,31437,45.3149,1660579125.957,40.772400000000005,0.6029999999999802,50.0,45.0,-55.29999999999802
2356,4145587,1660579127,2.325,2.325,129.605,1280x720-10,2351420,2380419,28999,9.0728,1660579127.106,36.2421,0.0,10.0,40.0,-30.0
2473,4152029,1660579133,1.058,1.058,132.726,1280x720-50,11859025,11890454,31429,45.3148,1660579133.53,36.242,3.1210000000000093,50.0,40.0,-302.10000000000093
2485,4152598,1660579134,2.489,2.489,132.726,1280x720-5,1124611,1191662,67051,4.5426,1660579134.268,40.7722,0.0,5.0,45.0,-40.0
2602,4159846,1660579141,1.32,1.320,136.753,1280x720-50,11859025,11890453,31428,45.3149,1660579141.353,40.7723,4.026999999999987,50.0,45.0,-397.6999999999987
2614,4160287,1660579141,2.957,2.957,136.804,1280x720-5,1124611,1191659,67048,4.5426,1660579141.794,40.7723,0.051000000000016144,5.0,45.0,-45.100000000001614
2731,4162382,1660579143,2.862,2.862,136.804,1280x720-50,11859025,11890451,31426,45.3149,1660579143.96,40.7723,0.0,50.0,45.0,5.0
2848,4164293,1660579145,2.946,2.946,136.804,1280x720-50,11859025,11889619,30594,45.3148,1660579145.801,0.00010000000000331966,0.0,50.0,0.0,50.0
2965,4166744,1660579148,2.499,2.499,136.804,1280x720-50,11859025,11889634,30609,45.3148,1660579148.244,0.0,0.0,50.0,0.0,50.0
3082,4168307,1660579149,2.941,2.941,136.804,1280x720-50,11859025,11889632,30607,45.3148,1660579149.812,0.0,0.0,50.0,0.0,50.0
3199,4170088,1660579151,3.157,3.157,136.804,1280x720-50,11859025,11889631,30606,45.3148,1660579151.596,0.0,0.0,50.0,0.0,50.0
3316,4172967,1660579154,2.281,2.281,136.804,1280x720-50,11859025,11889636,30611,45.3148,1660579154.479,0.0,0.0,50.0,0.0,50.0
3340,4173604,1660579155,3.646,3.646,136.804,1280x720-10,2351420,2380424,29004,9.0729,1660579155.127,36.2419,0.0,10.0,40.0,-30.0
