,local_time,unixtimestamp,videoBuffer,audioBuffer,cumRebuffer,format_vid,byteOffset,totalByteLength,byteLength,ssim,mod_timestamp,ssim_diff,cumRebuffer_diff,New_Bitrate,New_Bitrate_diff,qoe
11,11265568,1660194321,2.002,2.002,2.115,1280x720-5,1124688,1191650,66962,4.5425,1660194321.955,0.0,0.0,5.0,0.0,5.0
35,11267024,1660194323,2.757,2.757,2.316,1280x720-10,2351466,2380435,28969,9.0729,1660194323.55,4.5304,0.20099999999999962,10.0,5.0,-15.099999999999962
152,11268955,1660194325,2.821,2.821,2.316,1280x720-50,11859257,11890482,31225,45.3148,1660194325.335,36.2419,0.0,50.0,40.0,10.0
269,11269861,1660194326,3.924,3.924,2.316,1280x720-50,11859257,11889572,30315,45.3149,1660194326.241,0.00010000000000331966,0.0,50.0,0.0,50.0
502,11273480,1660194329,2.301,2.301,2.316,1280x720-100,23718169,23777999,59830,90.6169,1660194330.004,45.302,0.0,100.0,50.0,50.0
619,11274341,1660194330,3.446,3.446,2.316,1280x720-50,11859257,11890463,31206,45.3147,1660194330.861,45.3022,0.0,100.0,0.0,100.0
852,11277324,1660194333,2.465,2.465,2.316,1280x720-100,23717937,23777999,60062,90.6169,1660194334.022,45.3022,0.0,100.0,0.0,100.0
969,11278247,1660194334,3.542,3.542,2.316,1280x720-50,11859141,11890432,31291,45.3149,1660194334.642,45.302,0.0,100.0,0.0,100.0
1202,11281337,1660194337,2.457,2.457,2.316,1280x720-100,23717937,23777985,60048,90.6169,1660194338.024,45.302,0.0,100.0,0.0,100.0
1319,11282266,1660194338,3.529,3.529,2.316,1280x720-50,11859141,11890429,31288,45.3147,1660194338.647,45.3022,0.0,100.0,0.0,100.0
1552,11285370,1660194341,2.423,2.423,2.316,1280x720-100,23717937,23777996,60059,90.6169,1660194342.012,45.3022,0.0,100.0,0.0,100.0
1682,11286428,1660194342,3.366,3.366,2.316,1280x720-50,13188299,13201705,13406,50.312,1660194342.819,40.3049,0.0,100.0,0.0,100.0
1915,11288546,1660194344,3.258,3.258,2.316,1280x720-100,23717937,23777998,60061,90.6169,1660194345.074,40.3049,0.0,100.0,0.0,100.0
2032,11290062,1660194346,3.739,3.739,2.316,1280x720-50,11859141,11890471,31330,45.3148,1660194347.034,45.3021,0.0,100.0,0.0,100.0
2265,11292848,1660194349,2.954,2.954,2.316,1280x720-100,23717937,23777999,60062,90.6169,1660194350.043,45.3021,0.0,100.0,0.0,100.0
2382,11293860,1660194350,3.948,3.948,2.316,1280x720-50,11859141,11890440,31299,45.3149,1660194350.239,45.302,0.0,100.0,0.0,100.0
2615,11296751,1660194353,3.06,3.060,2.316,1280x720-100,23717937,23777999,60062,90.6169,1660194354.052,45.302,0.0,100.0,0.0,100.0
2732,11297829,1660194354,3.979,3.979,2.316,1280x720-50,11859141,11890433,31292,45.3148,1660194354.211,45.3021,0.0,100.0,0.0,100.0
2965,11300563,1660194356,3.251,3.251,2.316,1280x720-100,23717937,23777997,60060,90.6168,1660194357.067,45.302,0.0,100.0,0.0,100.0
3082,11301616,1660194357,4.199,4.199,2.316,1280x720-50,11859141,11890435,31294,45.3149,1660194358.053,45.301899999999996,0.0,100.0,0.0,100.0
3315,11305269,1660194361,2.547,2.547,2.316,1280x720-100,23717937,23777997,60060,90.6169,1660194362.024,45.302,0.0,100.0,0.0,100.0
3432,11306349,1660194362,3.462,3.462,2.316,1280x720-50,11859141,11890467,31326,45.3147,1660194362.728,45.3022,0.0,100.0,0.0,100.0
3665,11309409,1660194365,2.413,2.413,2.316,1280x720-100,23717937,23777999,60062,90.6169,1660194366.019,45.3022,0.0,100.0,0.0,100.0
3782,11310480,1660194366,3.339,3.339,2.316,1280x720-50,11859141,11890444,31303,45.3149,1660194367.071,45.302,0.0,100.0,0.0,100.0
4015,11313471,1660194369,2.353,2.353,2.316,1280x720-100,23717937,23777999,60062,90.6169,1660194370.006,45.302,0.0,100.0,0.0,100.0
4132,11314693,1660194371,3.135,3.135,2.316,1280x720-50,11859141,11890467,31326,45.3147,1660194371.071,45.3022,0.0,50.0,50.0,0.0
4249,11315537,1660194371,4.294,4.294,2.316,1280x720-50,11859141,11889588,30447,45.3149,1660194371.915,0.00019999999999953388,0.0,50.0,0.0,50.0
4482,11319097,1660194375,2.731,2.731,2.316,1280x720-100,23717937,23777997,60060,90.6169,1660194376.038,45.302,0.0,100.0,50.0,50.0
4599,11320148,1660194376,3.685,3.685,2.316,1280x720-50,11859141,11890458,31317,45.3148,1660194376.531,45.3021,0.0,100.0,0.0,100.0
4832,11323079,1660194379,2.759,2.759,2.316,1280x720-100,23717937,23777999,60062,90.6169,1660194380.032,45.3021,0.0,100.0,0.0,100.0
4949,11324203,1660194380,3.629,3.629,2.316,1280x720-50,11859141,11890479,31338,45.3148,1660194380.581,45.3021,0.0,100.0,0.0,100.0
5182,11327529,1660194383,2.31,2.310,2.316,1280x720-100,23717937,23777999,60062,90.6169,1660194384.004,45.3021,0.0,100.0,0.0,100.0
5299,11328546,1660194384,3.289,3.289,2.316,1280x720-50,11859141,11890488,31347,45.3148,1660194385.017,45.3021,0.0,50.0,50.0,0.0
5416,11329691,1660194386,4.148,4.148,2.316,1280x720-50,11859141,11889625,30484,45.3149,1660194386.071,0.00010000000000331966,0.0,50.0,0.0,50.0
5649,11332898,1660194389,2.941,2.941,2.316,1280x720-100,23717937,23777999,60062,90.6169,1660194390.048,45.302,0.0,100.0,50.0,50.0
5766,11334933,1660194391,2.906,2.906,2.316,1280x720-50,11859141,11890493,31352,45.3149,1660194391.314,45.302,0.0,50.0,50.0,0.0
5883,11337320,1660194393,2.526,2.526,2.316,1280x720-50,11859141,11889641,30500,45.3148,1660194393.841,0.00010000000000331966,0.0,50.0,0.0,50.0
6000,11339307,1660194395,2.539,2.539,2.316,1280x720-50,11859141,11889640,30499,45.3148,1660194395.697,0.0,0.0,50.0,0.0,50.0
6117,11341336,1660194397,2.512,2.512,2.316,1280x720-50,11859141,11889641,30500,45.3148,1660194397.725,0.0,0.0,50.0,0.0,50.0
6234,11343249,1660194399,2.607,2.607,2.316,1280x720-50,11859141,11889640,30499,45.3148,1660194399.634,0.0,0.0,50.0,0.0,50.0
6351,11345055,1660194401,2.797,2.797,2.316,1280x720-50,11859141,11889639,30498,45.3148,1660194401.437,0.0,0.0,50.0,0.0,50.0
6468,11346878,1660194403,2.981,2.981,2.316,1280x720-50,11859141,11889640,30499,45.3148,1660194403.257,0.0,0.0,50.0,0.0,50.0
6585,11348584,1660194404,3.276,3.276,2.316,1280x720-50,11859141,11889641,30500,45.3148,1660194404.971,0.0,0.0,50.0,0.0,50.0
6702,11350138,1660194406,3.72,3.720,2.316,1280x720-50,11859141,11889639,30498,45.3148,1660194406.521,0.0,0.0,50.0,0.0,50.0
6935,11353351,1660194409,2.508,2.508,2.316,1280x720-100,23717937,23778000,60063,90.6169,1660194409.746,45.3021,0.0,100.0,50.0,50.0
7052,11355047,1660194411,2.825,2.825,2.316,1280x720-50,11859141,11890493,31352,45.3147,1660194411.457,45.3022,0.0,50.0,50.0,0.0
7169,11356524,1660194412,3.345,3.345,2.316,1280x720-50,11859141,11889641,30500,45.3148,1660194412.921,9.999999999621423e-05,0.0,50.0,0.0,50.0
7402,11359581,1660194415,2.29,2.290,2.316,1280x720-100,23717937,23778000,60063,90.6169,1660194415.959,45.3021,0.0,100.0,50.0,50.0
7426,11360041,1660194416,3.833,3.833,2.316,1280x720-10,2351443,2380418,28975,9.0728,1660194416.46,81.5441,0.0,10.0,90.0,-80.0
7659,11364716,1660194421,1.156,1.156,2.316,1280x720-100,23717937,23777999,60062,90.6169,1660194421.105,81.5441,0.0,100.0,90.0,10.0
7671,11365168,1660194421,2.708,2.708,2.316,1280x720-5,1124622,1191665,67043,4.5426,1660194421.557,86.0743,0.0,5.0,95.0,-90.0
7788,11368380,1660194424,1.498,1.498,2.316,1280x720-50,11859141,11890473,31332,45.3148,1660194424.787,40.7722,0.0,50.0,45.0,5.0
7800,11368737,1660194425,3.146,3.146,2.316,1280x720-5,1124622,1191661,67039,4.5426,1660194425.116,40.7722,0.0,5.0,45.0,-40.0
7917,11371573,1660194427,2.312,2.312,2.316,1280x720-50,11859141,11890460,31319,45.3147,1660194427.954,40.7721,0.0,50.0,45.0,5.0
8034,11374166,1660194430,1.721,1.721,2.316,1280x720-50,11859141,11889624,30483,45.3148,1660194430.567,9.999999999621423e-05,0.0,50.0,0.0,50.0
8058,11374725,1660194431,3.163,3.163,2.316,1280x720-10,2351443,2380423,28980,9.0729,1660194431.11,36.2419,0.0,10.0,40.0,-30.0
8175,11376930,1660194433,2.958,2.958,2.316,1280x720-50,11859025,11890462,31437,45.3149,1660194433.315,36.242000000000004,0.0,50.0,40.0,10.0
8292,11380181,1660194436,1.707,1.707,2.316,1280x720-50,11859025,11889601,30576,45.3148,1660194436.56,0.00010000000000331966,0.0,50.0,0.0,50.0
8316,11380807,1660194437,3.079,3.079,2.316,1280x720-10,2351420,2380418,28998,9.0728,1660194437.194,36.242,0.0,10.0,40.0,-30.0
8433,11382481,1660194438,3.407,3.407,2.316,1280x720-50,11859025,11890457,31432,45.3149,1660194438.892,36.2421,0.0,50.0,40.0,10.0
8666,11385013,1660194441,2.876,2.876,2.316,1280x720-100,23717705,23777998,60293,90.6169,1660194441.392,45.302,0.0,100.0,50.0,50.0
8783,11386301,1660194442,3.592,3.592,2.316,1280x720-50,11859025,11890443,31418,45.3149,1660194442.681,45.302,0.0,100.0,0.0,100.0
9016,11388984,1660194445,2.909,2.909,2.316,1280x720-100,23717705,23777999,60294,90.6169,1660194445.371,45.302,0.0,100.0,0.0,100.0
9133,11390383,1660194446,3.522,3.522,2.316,1280x720-50,11859025,11890473,31448,45.3148,1660194446.778,45.3021,0.0,100.0,0.0,100.0
9366,11393168,1660194449,2.736,2.736,2.316,1280x720-100,23717705,23777999,60294,90.6169,1660194449.547,45.3021,0.0,100.0,0.0,100.0
9483,11395025,1660194451,2.882,2.882,2.316,1280x720-50,11859025,11890486,31461,45.3148,1660194451.418,45.3021,0.0,50.0,50.0,0.0
9600,11397372,1660194453,2.534,2.534,2.316,1280x720-50,11859025,11889631,30606,45.3148,1660194453.776,0.0,0.0,50.0,0.0,50.0
9717,11400849,1660194457,1.059,1.059,2.316,1280x720-50,11859025,11889636,30611,45.3148,1660194457.264,0.0,0.0,50.0,0.0,50.0
9729,11401187,1660194457,2.722,2.722,2.316,1280x720-5,1124611,1191654,67043,4.5426,1660194457.602,40.7722,0.0,5.0,45.0,-40.0
9846,11403040,1660194459,2.933,2.933,2.368,1280x720-50,11859025,11890496,31471,45.3148,1660194459.603,40.7722,0.052000000000000046,50.0,45.0,-0.20000000000000462
9963,11404682,1660194461,3.299,3.299,2.368,1280x720-50,11859025,11889640,30615,45.3148,1660194461.067,0.0,0.0,50.0,0.0,50.0
10080,11406107,1660194462,3.877,3.877,2.368,1280x720-50,11859025,11889641,30616,45.3148,1660194462.492,0.0,0.0,50.0,0.0,50.0
10313,11409005,1660194465,2.982,2.982,2.368,1280x720-100,23717705,23777999,60294,90.6169,1660194466.058,45.3021,0.0,100.0,50.0,50.0
10430,11410121,1660194466,3.861,3.861,2.368,1280x720-50,11859025,11890493,31468,45.3148,1660194466.502,45.3021,0.0,100.0,0.0,100.0
10663,11412762,1660194469,3.231,3.231,2.368,1280x720-100,23717705,23778000,60295,90.6169,1660194469.14,45.3021,0.0,100.0,0.0,100.0
10780,11413897,1660194470,4.09,4.090,2.368,1280x720-50,11859025,11890496,31471,45.3148,1660194470.282,45.3021,0.0,100.0,0.0,100.0
11013,11417038,1660194473,2.95,2.950,2.368,1280x720-100,23717705,23778000,60295,90.6169,1660194474.043,45.3021,0.0,100.0,0.0,100.0
11130,11418142,1660194474,3.85,3.850,2.368,1280x720-50,11859025,11890496,31471,45.3148,1660194474.523,45.3021,0.0,100.0,0.0,100.0
11363,11421338,1660194477,2.663,2.663,2.368,1280x720-100,23717705,23777999,60294,90.6169,1660194478.034,45.3021,0.0,100.0,0.0,100.0
11480,11422629,1660194479,3.367,3.367,2.368,1280x720-50,11859025,11890496,31471,45.3148,1660194479.012,45.3021,0.0,100.0,0.0,100.0
11713,11425218,1660194481,2.784,2.784,2.368,1280x720-100,23717705,23778000,60295,90.6169,1660194482.044,45.3021,0.0,100.0,0.0,100.0
11830,11426356,1660194482,3.645,3.645,2.368,1280x720-50,11859025,11890493,31468,45.3148,1660194482.749,45.3021,0.0,100.0,0.0,100.0
12063,11429191,1660194485,2.812,2.812,2.368,1280x720-100,23717705,23778000,60295,90.6169,1660194486.05,45.3021,0.0,100.0,0.0,100.0
12180,11430344,1660194486,3.667,3.667,2.368,1280x720-50,11859025,11890492,31467,45.3148,1660194486.723,45.3021,0.0,100.0,0.0,100.0
12413,11433533,1660194489,2.477,2.477,2.368,1280x720-100,23717705,23778000,60295,90.6169,1660194490.021,45.3021,0.0,100.0,0.0,100.0
12530,11435275,1660194491,2.737,2.737,2.368,1280x720-50,11859025,11890495,31470,45.3148,1660194491.67,45.3021,0.0,50.0,50.0,0.0
12647,11436925,1660194493,3.088,3.088,2.368,1280x720-50,11859025,11889641,30616,45.3148,1660194493.404,0.0,0.0,50.0,0.0,50.0
12764,11438240,1660194494,3.774,3.774,2.368,1280x720-50,11859025,11889641,30616,45.3147,1660194494.633,9.999999999621423e-05,0.0,50.0,0.0,50.0
12997,11440857,1660194497,3.16,3.160,2.368,1280x720-100,23717705,23777998,60293,90.6169,1660194498.063,45.3022,0.0,100.0,50.0,50.0
13114,11442043,1660194498,3.98,3.980,2.368,1280x720-50,11859025,11890467,31442,45.3147,1660194498.422,45.3022,0.0,100.0,0.0,100.0
13347,11445047,1660194501,2.978,2.978,2.368,1280x720-100,23717705,23777999,60294,90.6169,1660194502.048,45.3022,0.0,100.0,0.0,100.0
13464,11446189,1660194502,3.832,3.832,2.368,1280x720-50,11859025,11890459,31434,45.3147,1660194502.578,45.3022,0.0,100.0,0.0,100.0
13697,11448893,1660194505,3.134,3.134,2.368,1280x720-100,23717705,23777999,60294,90.6169,1660194506.14,45.3022,0.0,100.0,0.0,100.0
13825,11450078,1660194506,3.944,3.944,2.368,1280x720-50,12983577,12991311,7734,49.5103,1660194506.485,41.1066,0.0,100.0,0.0,100.0
14058,11452995,1660194509,3.033,3.033,2.368,1280x720-100,23717705,23777999,60294,90.6169,1660194510.064,41.1066,0.0,100.0,0.0,100.0
14175,11454285,1660194510,3.745,3.745,2.368,1280x720-50,11859141,11890450,31309,45.315,1660194510.67,45.3019,0.0,100.0,0.0,100.0
14408,11456829,1660194513,3.201,3.201,2.368,1280x720-100,23717705,23777998,60293,90.6169,1660194514.066,45.3019,0.0,100.0,0.0,100.0
14525,11458269,1660194514,3.769,3.769,2.368,1280x720-50,11859025,11890438,31413,45.3149,1660194514.646,45.302,0.0,100.0,0.0,100.0
14758,11461100,1660194517,2.939,2.939,2.368,1280x720-100,23717705,23777997,60292,90.6169,1660194518.073,45.302,0.0,100.0,0.0,100.0
14875,11462431,1660194518,3.604,3.604,2.368,1280x720-50,11859025,11890453,31428,45.3148,1660194518.822,45.3021,0.0,100.0,0.0,100.0
15108,11464949,1660194521,3.089,3.089,2.368,1280x720-100,23717705,23777999,60294,90.6169,1660194521.329,45.3021,0.0,100.0,0.0,100.0
15225,11466553,1660194522,3.496,3.496,2.368,1280x720-50,11859025,11890442,31417,45.3149,1660194522.938,45.302,0.0,100.0,0.0,100.0
15458,11469490,1660194525,2.559,2.559,2.368,1280x720-100,23717705,23777998,60293,90.6169,1660194525.917,45.302,0.0,100.0,0.0,100.0
15583,11471367,1660194527,2.679,2.679,2.368,1280x720-50,12676881,12776331,99450,48.6911,1660194527.749,41.9258,0.0,50.0,50.0,0.0
15700,11472873,1660194529,3.176,3.176,2.368,1280x720-50,11859025,11889605,30580,45.3148,1660194529.257,3.3763000000000005,0.0,50.0,0.0,50.0
15817,11474742,1660194531,3.309,3.309,2.368,1280x720-50,11859025,11889614,30589,45.3147,1660194531.134,9.999999999621423e-05,0.0,50.0,0.0,50.0
16050,11477777,1660194534,2.277,2.277,2.368,1280x720-100,23717705,23777999,60294,90.6169,1660194534.156,45.3022,0.0,100.0,50.0,50.0
16074,11478382,1660194534,3.67,3.670,2.368,1280x720-10,2351420,2380420,29000,9.0729,1660194534.761,81.544,0.0,10.0,90.0,-80.0
16307,11482951,1660194539,1.109,1.109,2.368,1280x720-100,23717705,23777999,60294,90.6169,1660194539.338,81.544,0.0,100.0,90.0,10.0
16319,11483314,1660194539,2.746,2.746,2.368,1280x720-5,1124611,1191658,67047,4.5426,1660194539.701,86.0743,0.0,5.0,95.0,-90.0
16436,11484561,1660194540,3.495,3.495,2.368,1280x720-50,11859025,11890467,31442,45.3148,1660194540.958,40.7722,0.0,50.0,45.0,5.0
16669,11487126,1660194543,2.937,2.937,2.368,1280x720-100,23717705,23777999,60294,90.6169,1660194544.138,45.3021,0.0,100.0,50.0,50.0
16786,11488231,1660194544,3.835,3.835,2.368,1280x720-50,11859025,11890486,31461,45.3148,1660194544.62,45.3021,0.0,100.0,0.0,100.0
17019,11491578,1660194547,2.485,2.485,2.368,1280x720-100,23717705,23778000,60295,90.6169,1660194548.019,45.3021,0.0,100.0,0.0,100.0
17136,11492814,1660194549,3.256,3.256,2.368,1280x720-50,11859025,11890491,31466,45.3146,1660194549.206,45.3023,0.0,50.0,50.0,0.0
17253,11493912,1660194550,4.155,4.155,2.368,1280x720-50,11859025,11889642,30617,45.3148,1660194550.293,0.00019999999999953388,0.0,50.0,0.0,50.0
17486,11497736,1660194554,2.341,2.341,2.368,1280x720-100,23717705,23778000,60295,90.6169,1660194555.014,45.3021,0.0,100.0,50.0,50.0
17603,11498860,1660194555,3.219,3.219,2.368,1280x720-50,11859025,11890496,31471,45.3148,1660194555.243,45.3021,0.0,50.0,50.0,0.0
17720,11499831,1660194556,4.248,4.248,2.368,1280x720-50,11859025,11889641,30616,45.3148,1660194556.214,0.0,0.0,50.0,0.0,50.0
17953,11503644,1660194560,2.435,2.435,2.368,1280x720-100,23717705,23778000,60295,90.6169,1660194561.015,45.3021,0.0,100.0,50.0,50.0
18070,11504799,1660194561,3.279,3.279,2.368,1280x720-50,11859025,11890495,31470,45.3148,1660194561.194,45.3021,0.0,50.0,50.0,0.0
18187,11505848,1660194562,4.237,4.237,2.368,1280x720-50,11859025,11889640,30615,45.3148,1660194562.231,0.0,0.0,50.0,0.0,50.0
18420,11509580,1660194565,2.507,2.507,2.368,1280x720-100,23717705,23778000,60295,90.6169,1660194566.015,45.3021,0.0,100.0,50.0,50.0
18537,11511080,1660194567,3.006,3.006,2.368,1280x720-50,11859025,11890496,31471,45.3148,1660194567.463,45.3021,0.0,50.0,50.0,0.0
18654,11513457,1660194569,2.628,2.628,2.368,1280x720-50,11859025,11889641,30616,45.3148,1660194569.836,0.0,0.0,50.0,0.0,50.0
