,5G KPI PCell Layer1 UL BLER [%],5G KPI PCell Layer1 UL MCS (Avg),5G KPI PCell Layer2 MAC UL Throughput [Mbps],5G KPI PCell RF Frequency [MHz],5G KPI PCell RF Serving PCI,5G KPI PCell RF Serving SS-RSRP [dBm],5G KPI SCell[1] Layer2 MAC UL Throughput [Mbps],5G KPI SCell[2] Layer2 MAC UL Throughput [Mbps],5G KPI SCell[3] Layer2 MAC UL Throughput [Mbps],5G KPI SCell[4] Layer2 MAC UL Throughput [Mbps],5G KPI SCell[5] Layer2 MAC UL Throughput [Mbps],5G KPI SCell[6] Layer2 MAC UL Throughput [Mbps],5G KPI SCell[7] Layer2 MAC UL Throughput [Mbps],Event 5G-NR/LTE Events,LTE KPI PCell MAC UL Throughput[Mbps],LTE KPI PCell Serving EARFCN(DL),LTE KPI PCell Serving PCI,LTE KPI PCell Serving RSRP[dBm],LTE KPI PCell UL MCS,LTE KPI PUSCH BLER[%],LTE KPI SCell[1] MAC UL Throughput[Mbps],LTE KPI SCell[2] MAC UL Throughput[Mbps],LTE KPI SCell[3] MAC UL Throughput[Mbps],LTE KPI SCell[4] MAC UL Throughput[Mbps],Lat,Lon,Smart Phone Smart Throughput Mobile Network Tx Byte,Smart Phone Smart Throughput Mobile Network UL Throughput [Mbps],TIME_STAMP
0,,,,,,,,,,,,,,,0.001,,,,,,,,,,41.433769,-105.898651,,,1660185752.0
1,,,,,,,,,,,,,,,,66586.0,16.0,-108.0,,,,,,,41.433769,-105.898651,,,1660185752.3
2,,,,,,,,,,,,,,,,,,,,,,,,,41.433769,-105.898651,,,1660185752.332241
3,,,,,,,,,,,,,,,,66586.0,16.0,-108.0,,,,,,,41.433769,-105.898651,,,1660185752.4
4,,,,,,,,,,,,,,,,,,,,,,,,,41.433769,-105.898651,144.0,0.002,1660185752.5
5,,,,,,,,,,,,,,,,66586.0,16.0,-109.31,12.13,,,,,,41.433765,-105.898613,,,1660185752.6
6,,,,,,,,,,,,,,,,,,,,,,,,,41.433754,-105.898537,,,1660185752.8
7,,,,,,,,,,,,,,,,,,,,0.0,,,,,41.43375,-105.898499,,,1660185752.9
8,,,,,,,,,,,,,,,,,,,,,,,,,41.433746,-105.898453,0.0,0.0,1660185753.0
9,,,,,,,,,,,,,,,,66586.0,16.0,-106.56,,,,,,,41.433739,-105.898415,,,1660185753.1
10,,,,,,,,,,,,,,,,66586.0,16.0,-105.0,,,,,,,41.433735,-105.898376,,,1660185753.2
11,,,,,,,,,,,,,,,,,,,,,,,,,41.433731,-105.898338,,,1660185753.3
12,,,,,,,,,,,,,,,,66586.0,16.0,-105.5,,,,,,,41.43372,-105.898262,0.0,0.0,1660185753.5
13,,,,,,,,,,,,,,,,,,,,,,,,,41.433697,-105.898109,,,1660185753.9
14,,,,,,,,,,,,,,,,,,,,,,,,,41.433689,-105.898071,0.0,0.0,1660185754.0
15,,,,,,,,,,,,,,,,66586.0,16.0,-105.5,,,,,,,41.433681,-105.898026,,,1660185754.1
16,,,,,,,,,,,,,,,,66586.0,16.0,-104.06,,,,,,,41.433678,-105.897987,,,1660185754.2
17,,,,,,,,,,,,,,,,,,,,,,,,,41.43367,-105.897949,,,1660185754.3
18,,,,,,,,,,,,,,,,,,,,,,,,,41.433659,-105.897873,0.0,0.0,1660185754.5
19,,,,,,,,,,,,,,,,66586.0,16.0,-104.75,,,,,,,41.433647,-105.897789,,,1660185754.7
20,,,,,,,,,,,,,,,,,,,,,,,,,41.433643,-105.897751,,,1660185754.8
21,,,,,,,,,,,,,,,,66586.0,16.0,-105.19,,,,,,,41.433632,-105.897675,0.0,0.0,1660185755.0
22,,,,,,,,,,,,,,,,66586.0,16.0,-104.0,,,,,,,41.433624,-105.897591,,,1660185755.2
23,,,,,,,,,,,,,,,,,,,,,,,,,41.43362,-105.897552,,,1660185755.3
24,,,,,,,,,,,,,,,,66586.0,16.0,-106.5,,,,,,,41.433609,-105.897469,0.0,0.0,1660185755.5
25,,,,,,,,,,,,,,,,,,,,,,,,,41.433598,-105.897392,,,1660185755.7
26,,,,,,,,,,,,,,,,66586.0,16.0,-117.58,,,,,,,41.43359,-105.897354,,,1660185755.8
27,,,,,,,,,,,,,,,,66586.0,16.0,-119.35,,,,,,,41.433586,-105.897316,,,1660185755.9
28,,,,,,,,,,,,,,,0.001,66586.0,16.0,-113.21,,,,,,,41.433578,-105.897278,0.0,0.0,1660185756.0
29,,,,,,,,,,,,,,,,66586.0,16.0,-111.16,,,,,,,41.433575,-105.89724,,,1660185756.1
30,,,,,,,,,,,,,,,,66586.0,16.0,-111.44,,,,,,,41.433571,-105.897202,,,1660185756.2
31,,,,,,,,,,,,,,,,,,,,,,,,,41.433563,-105.897163,,,1660185756.3
32,,,,,,,,,,,,,,,,,,,10.0,,,,,,41.433559,-105.897125,,,1660185756.4
33,,,,,,,,,,,,,,,,,,,,,,,,,41.433552,-105.897087,0.0,0.0,1660185756.5
34,,,,,,,,,,,,,,,,66586.0,16.0,-108.19,,0.0,,,,,41.43354,-105.897011,,,1660185756.7
35,,,,,,,,,,,,,,,,,,,,,,,,,41.433525,-105.896904,0.0,0.0,1660185757.0
36,,,,,,,,,,,,,,,,66586.0,16.0,-103.38,,,,,,,41.433521,-105.896866,,,1660185757.1
37,,,,,,,,,,,,,,,,,,,,,,,,,41.43351,-105.896797,,,1660185757.3
38,,,,,,,,,,,,,,,,66586.0,16.0,-105.81,,,,,,,41.433502,-105.896759,,,1660185757.4
39,,,,,,,,,,,,,,,,,,,,,,,,,41.433498,-105.896721,0.0,0.0,1660185757.5
40,,,,,,,,,,,,,,,,,,,,,,,,,41.433491,-105.896683,,,1660185757.6
41,,,,,,,,,,,,,,,,66586.0,16.0,-104.56,,,,,,,41.433487,-105.896645,,,1660185757.7
42,,,,,,,,,,,,,,,,66586.0,16.0,-104.13,,,,,,,41.433472,-105.89653,0.0,0.0,1660185758.0
43,,,,,,,,,,,,,,reportStrongestCells,,,,,,,,,,,41.433464,-105.896507,,,1660185758.081254
44,,,,,,,,,,,,,,,,66586.0,16.0,-105.43,,,,,,,41.433464,-105.8965,,,1660185758.1
45,,,,,,,,,,,,,,,,66586.0,16.0,-105.06,,,,,,,41.43346,-105.896461,,,1660185758.2
46,,,,,,,,,,,,,,,,66586.0,16.0,-104.47,,,,,,,41.433453,-105.896423,,,1660185758.3
47,,,,,,,,,,,,,,,,66586.0,16.0,-102.81,,,,,,,41.433449,-105.896385,,,1660185758.4
48,,,,,,,,,,,,,,,,,,,,,,,,,41.433441,-105.896347,0.0,0.0,1660185758.5
49,,,,,,,,,,,,,,,,,,,,,,,,,41.43343,-105.896271,,,1660185758.7
50,,,,,,,,,,,,,,,0.003,,,,,,,,,,41.433418,-105.896164,0.0,0.0,1660185759.0
51,,,,,,,,,,,,,,,,66586.0,16.0,-101.75,17.0,0.0,,,,,41.433407,-105.896088,,,1660185759.2
52,,,,,,,,,,,,,,,,66586.0,16.0,-101.69,,,,,,,41.433403,-105.896057,,,1660185759.3
53,,,,,,,,,,,,,,,,,,,,,,,,,41.433392,-105.895981,0.0,0.0,1660185759.5
54,,,,,,,,,,,,,,,,66586.0,16.0,-101.38,,,,,,,41.433384,-105.895943,,,1660185759.6
55,,,,,,,,,,,,,,,,66586.0,16.0,-101.31,,,,,,,41.433369,-105.895828,,,1660185759.9
56,,,,,,,,,,,,,,,,,,,,,,,,,41.433361,-105.895798,0.0,0.0,1660185760.0
57,,,,,,,,,,,,,,,,,,,,,,,,,41.433353,-105.89576,,,1660185760.1
58,,,,,,,,,,,,,,,,,,,,,,,,,41.43335,-105.895721,,,1660185760.2
59,,,,,,,,,,,,,,,,66586.0,16.0,-100.5,,,,,,,41.433342,-105.895683,,,1660185760.3
60,,,,,,,,,,,,,,,,,,,,,,,,,41.433331,-105.895607,0.0,0.0,1660185760.5
61,,,,,,,,,,,,,,,,66586.0,16.0,-101.44,,,,,,,41.433323,-105.895569,,,1660185760.6
62,,,,,,,,,,,,,,,,,,,,,,,,,41.433311,-105.8955,,,1660185760.8
63,,,,,,,,,,,,,,,,66586.0,16.0,-99.5,,,,,,,41.433308,-105.895462,,,1660185760.9
64,,,,,,,,,,,,,,,,,,,,,,,,,41.4333,-105.895432,0.0,0.0,1660185761.0
65,,,,,,,,,,,,,,,,,,,,,,,,,41.433292,-105.895393,,,1660185761.1
66,,,,,,,,,,,,,,,,,,,,,,,,,41.433289,-105.895355,,,1660185761.2
67,,,,,,,,,,,,,,,,66586.0,16.0,-99.44,,,,,,,41.433281,-105.895317,,,1660185761.3
68,,,,,,,,,,,,,,,,66586.0,16.0,-98.81,,,,,,,41.43327,-105.895248,0.0,0.0,1660185761.5
69,,,,,,,,,,,,,,,,66586.0,16.0,-100.29,,,,,,,41.433247,-105.895111,,,1660185761.9
70,,,,,,,,,,,,,,,,66586.0,16.0,-100.26,,,,,,,41.433239,-105.895081,0.0,0.0,1660185762.0
71,,,,,,,,,,,,,,,,66586.0,16.0,-99.88,,,,,,,41.433231,-105.89505,,,1660185762.1
72,,,,,,,,,,,,,,RRC Connection Release,,,,,,,,,,,41.433231,-105.895027,,,1660185762.155237
73,,,,,,,,,,,,,,,,,,,,,,,,,41.43322,-105.894981,,,1660185762.3
74,,,,,,,,,,,,,,Cell Searching Start,,,,,,,,,,,41.43322,-105.894974,,,1660185762.307791
75,,,,,,,,,,,,,,Cell Camp On,,,,,,,,,,,41.43322,-105.894974,,,1660185762.30986
76,,,,,,,,,,,,,,,,,,,,,,,,,41.433208,-105.894913,0.0,0.0,1660185762.5
77,,,,,,,,,,,,,,,0.009,,,,,,,,,,41.433174,-105.89473,0.0,0.0,1660185763.0
78,,,,,,,,,,,,,,,,,,,17.5,,,,,,41.433167,-105.894691,,,1660185763.1
79,,,,,,,,,,,,,,,,,,,,0.0,,,,,41.433155,-105.894615,,,1660185763.3
80,,,,,,,,,,,,,,,,66586.0,16.0,-97.81,,,,,,,41.43314,-105.894539,0.0,0.0,1660185763.5
81,,,,,,,,,,,,,,,0.038,,,,,,,,,,41.433105,-105.894363,0.0,0.0,1660185764.0
82,,,,,,,,,,,,,,,,,,,,,,,,,41.433086,-105.894257,,,1660185764.3
83,,,,,,,,,,,,,,,,,,,,,,,,,41.433071,-105.894188,0.0,0.0,1660185764.5
84,,,,,,,,,,,,,,,,66586.0,16.0,-100.53,,,,,,,41.433052,-105.894119,,,1660185764.7
85,,,,,,,,,,,,,,RRC Setup Start,,,,,,,,,,,41.433052,-105.894112,,,1660185764.717133
86,,,,,,,,,,,,,,PRACH: Msg1(RA),,,,,,,,,,,41.433044,-105.894096,,,1660185764.77126
87,,,,,,,,,,,,,,PRACH: Msg2(RAR),,,,,,,,,,,41.433044,-105.894089,,,1660185764.771989
88,,,,,,,,,,,,,,PRACH: Msg3(UE ID),,,,,,,,,,,41.433044,-105.894089,,,1660185764.772034
89,,,,,,,,,,,,,,PRACH: Msg4[Pass],,,,,,,,,,,41.433044,-105.894089,,,1660185764.785542
90,,,,,,,,,,,,,,Received RAR[True],,,,,,,,,,,41.433044,-105.894089,,,1660185764.785648
91,,,,,,,,,,,,,,RRC Setup Success,,,,,,,,,,,41.433044,-105.894089,,,1660185764.78632
92,,,,,,,,,,,,,,,,66586.0,16.0,-100.56,3.27,0.0,,,,,41.433044,-105.894081,,,1660185764.8
93,,,,,,,,,,,,,,,,66586.0,16.0,-98.82,,,,,,,41.433033,-105.894051,,,1660185764.9
94,,,,,,,,,,,,,,,5.307,66586.0,16.0,-99.1,,0.0,,,,,41.433025,-105.894012,635.0,0.01,1660185765.0
95,,,,,,,,,,,,,,,,66586.0,16.0,-100.8,10.52,0.0,,,,,41.433018,-105.893974,,,1660185765.1
96,,,,,,,,,,,,,,,,66586.0,16.0,-99.94,9.97,6.9,,,,,41.433006,-105.893944,,,1660185765.2
97,,,,,,,,,,,,,,,,66586.0,16.0,-101.1,6.95,7.5,,,,,41.432999,-105.893906,,,1660185765.3
98,,,,,,,,,,,,,,,,66586.0,16.0,-100.35,7.49,11.0,,,,,41.432987,-105.893875,,,1660185765.4
99,,,,,,,,,,,,,,,,66586.0,16.0,-99.78,9.99,9.09,,,,,41.43298,-105.893837,405924.0,6.495,1660185765.5
100,,,,,,,,,,,,,,,,66586.0,16.0,-98.82,10.74,4.85,,,,,41.432972,-105.893799,,,1660185765.6
101,,,,,,,,,,,,,,,,66586.0,16.0,-98.98,8.9,10.1,,,,,41.432964,-105.893768,,,1660185765.7
102,,,,,,,,,,,,,,,,66586.0,16.0,-99.16,9.07,10.1,,,,,41.432957,-105.89373,,,1660185765.8
103,,,,,,,,,,,,,,,,66586.0,16.0,-98.98,9.0,8.0,,,,,41.432949,-105.8937,,,1660185765.9
104,,,,,,,,,,,,,,,8.685,66586.0,16.0,-98.55,9.52,12.0,,,,,41.432938,-105.893661,888476.0,14.216,1660185766.0
105,,,,,,,,,,,,,,,,66586.0,16.0,-98.92,8.97,11.0,,,,,41.43293,-105.893631,,,1660185766.1
106,,,,,,,,,,,,,,,,66586.0,16.0,-100.19,8.27,8.0,,,,,41.432922,-105.8936,,,1660185766.2
107,,,,,,,,,,,,,,,,66586.0,16.0,-100.13,10.05,7.0,,,,,41.432915,-105.893562,,,1660185766.3
108,,,,,,,,,,,,,,,,66586.0,16.0,-100.4,10.12,9.0,,,,,41.432907,-105.893532,,,1660185766.4
109,,,,,,,,,,,,,,,,66586.0,16.0,-100.88,11.05,9.0,,,,,41.432899,-105.893494,424376.0,6.79,1660185766.5
110,,,,,,,,,,,,,,,,66586.0,16.0,-100.42,11.33,14.14,,,,,41.432892,-105.893456,,,1660185766.6
111,,,,,,,,,,,,,,,,66586.0,16.0,-100.13,9.85,8.0,,,,,41.43288,-105.893417,,,1660185766.7
112,,,,,,,,,,,,,,,,66586.0,16.0,-99.67,10.14,7.0,,,,,41.432873,-105.893387,,,1660185766.8
113,,,,,,,,,,,,,,,,66586.0,16.0,-98.27,9.92,7.29,,,,,41.432865,-105.893349,,,1660185766.9
114,,,,,,,,,,,,,,,8.35,66586.0,16.0,-97.34,11.04,9.0,,,,,41.432854,-105.893311,617052.0,9.873,1660185767.0
115,,,,,,,,,,,,,,,,66586.0,16.0,-98.23,10.17,10.0,,,,,41.432846,-105.893272,,,1660185767.1
116,,,,,,,,,,,,,,,,66586.0,16.0,-98.8,12.08,10.1,,,,,41.432838,-105.893234,,,1660185767.2
117,,,,,,,,,,,,,,,,66586.0,16.0,-101.34,11.01,9.0,,,,,41.432831,-105.893204,,,1660185767.3
118,,,,,,,,,,,,,,,,66586.0,16.0,-100.18,10.62,7.14,,,,,41.432819,-105.893166,,,1660185767.4
119,,,,,,,,,,,,,,,,66586.0,16.0,-101.25,10.87,11.0,,,,,41.432812,-105.893127,555648.0,8.89,1660185767.5
120,,,,,,,,,,,,,,,,66586.0,16.0,-100.72,10.4,8.08,,,,,41.4328,-105.893089,,,1660185767.6
121,,,,,,,,,,,,,,,,66586.0,16.0,-99.54,10.91,10.0,,,,,41.432793,-105.893051,,,1660185767.7
122,,,,,,,,,,,,,,,,66586.0,16.0,-98.66,9.32,13.0,,,,,41.432781,-105.893013,,,1660185767.8
123,,,,,,,,,,,,,,,,66586.0,16.0,-98.71,7.34,6.0,,,,,41.43277,-105.892975,,,1660185767.9
124,,,,,,,,,,,,,,,5.892,66586.0,16.0,-100.64,6.41,11.0,,,,,41.432762,-105.892944,491388.0,7.847,1660185768.0
125,,,,,,,,,,,,,,,,66586.0,16.0,-102.89,5.51,5.0,,,,,41.432751,-105.892906,,,1660185768.1
126,,,,,,,,,,,,,,,,66586.0,16.0,-103.67,7.12,12.9,,,,,41.432739,-105.892868,,,1660185768.2
127,,,,,,,,,,,,,,,,66586.0,16.0,-104.94,6.32,10.0,,,,,41.432728,-105.89283,,,1660185768.3
128,,,,,,,,,,,,,,,,66586.0,16.0,-104.5,6.79,9.0,,,,,41.43272,-105.892792,,,1660185768.4
129,,,,,,,,,,,,,,,,66586.0,16.0,-103.58,7.04,7.0,,,,,41.432709,-105.892754,304268.0,4.878,1660185768.5
130,,,,,,,,,,,,,,,,66586.0,16.0,-102.53,7.73,5.0,,,,,41.432697,-105.892715,,,1660185768.6
131,,,,,,,,,,,,,,,,66586.0,16.0,-103.16,7.62,15.0,,,,,41.43269,-105.892677,,,1660185768.7
132,,,,,,,,,,,,,,,,66586.0,16.0,-103.72,6.77,8.0,,,,,41.432678,-105.892647,,,1660185768.8
133,,,,,,,,,,,,,,,,66586.0,16.0,-103.64,7.63,8.08,,,,,41.432671,-105.892609,,,1660185768.9
134,,,,,,,,,,,,,,,5.966,66586.0,16.0,-103.78,6.88,7.0,,,,,41.432659,-105.89257,427180.0,6.821,1660185769.0
135,,,,,,,,,,,,,,,,66586.0,16.0,-103.88,7.88,11.0,,,,,41.432648,-105.892532,,,1660185769.1
136,,,,,,,,,,,,,,,,66586.0,16.0,-103.47,7.13,9.0,,,,,41.43264,-105.892494,,,1660185769.2
137,,,,,,,,,,,,,,,,66586.0,16.0,-102.72,5.78,9.09,,,,,41.432629,-105.892464,,,1660185769.3
138,,,,,,,,,,,,,,,,66586.0,16.0,-101.95,7.07,9.0,,,,,41.432621,-105.892426,,,1660185769.4
139,,,,,,,,,,,,,,,,66586.0,16.0,-101.95,6.71,9.28,,,,,41.43261,-105.892387,397088.0,6.353,1660185769.5
140,,,,,,,,,,,,,,,,66586.0,16.0,-102.03,7.49,6.0,,,,,41.432598,-105.892349,,,1660185769.6
141,,,,,,,,,,,,,,,,66586.0,16.0,-102.83,7.4,17.0,,,,,41.432587,-105.892311,,,1660185769.7
142,,,,,,,,,,,,,,,,66586.0,16.0,-102.5,6.83,1.0,,,,,41.432575,-105.892281,,,1660185769.8
143,,,,,,,,,,,,,,,,66586.0,16.0,-101.99,7.88,13.13,,,,,41.432564,-105.892242,,,1660185769.9
144,,,,,,,,,,,,,,,6.344,66586.0,16.0,-101.21,9.43,6.0,,,,,41.432556,-105.892204,358584.0,5.749,1660185770.0
145,,,,,,,,,,,,,,,,66586.0,16.0,-102.03,8.51,15.15,,,,,41.432545,-105.892166,,,1660185770.1
146,,,,,,,,,,,,,,,,66586.0,16.0,-103.28,7.55,2.0,,,,,41.432533,-105.892128,,,1660185770.2
147,,,,,,,,,,,,,,,,66586.0,16.0,-101.21,6.91,12.0,,,,,41.432522,-105.892097,,,1660185770.3
148,,,,,,,,,,,,,,,,66586.0,16.0,-101.8,8.27,10.0,,,,,41.43251,-105.892059,,,1660185770.4
149,,,,,,,,,,,,,,,,66586.0,16.0,-101.77,6.15,9.0,,,,,41.432499,-105.892021,348588.0,5.577,1660185770.5
150,,,,,,,,,,,,,,,,66586.0,16.0,-101.56,8.64,6.0,,,,,41.432487,-105.891983,,,1660185770.6
151,,,,,,,,,,,,,,,,66586.0,16.0,-101.86,8.6,11.22,,,,,41.432476,-105.891945,,,1660185770.7
152,,,,,,,,,,,,,,,,66586.0,16.0,-100.91,8.77,8.51,,,,,41.432465,-105.891907,,,1660185770.8
153,,,,,,,,,,,,,,,,66586.0,16.0,-100.92,9.3,8.0,,,,,41.432453,-105.891869,,,1660185770.9
154,,,,,,,,,,,,,,,7.162,66586.0,16.0,-102.08,8.49,8.0,,,,,41.432442,-105.89183,410044.0,6.561,1660185771.0
155,,,,,,,,,,,,,,,,66586.0,16.0,-102.65,10.17,11.0,,,,,41.432426,-105.891785,,,1660185771.1
156,,,,,,,,,,,,,,,,66586.0,16.0,-101.86,9.17,6.06,,,,,41.432415,-105.891747,,,1660185771.2
157,,,,,,,,,,,,,,,,66586.0,16.0,-102.4,9.51,12.0,,,,,41.432404,-105.891708,,,1660185771.3
158,,,,,,,,,,,,,,,,66586.0,16.0,-101.25,9.66,8.0,,,,,41.432392,-105.89167,,,1660185771.4
159,,,,,,,,,,,,,,,,66586.0,16.0,-102.23,9.13,9.09,,,,,41.432381,-105.891632,497048.0,7.953,1660185771.5
160,,,,,,,,,,,,,,,,66586.0,16.0,-102.99,8.57,10.0,,,,,41.432369,-105.891594,,,1660185771.6
161,,,,,,,,,,,,,,,,66586.0,16.0,-102.43,7.51,9.0,,,,,41.432354,-105.891556,,,1660185771.7
162,,,,,,,,,,,,,,,,66586.0,16.0,-101.73,6.04,11.11,,,,,41.432343,-105.891518,,,1660185771.8
163,,,,,,,,,,,,,,,,66586.0,16.0,-101.99,6.34,11.25,,,,,41.432327,-105.891479,,,1660185771.9
164,,,,,,,,,,,,,,,6.997,66586.0,16.0,-100.83,7.2,5.83,,,,,41.432316,-105.891441,392804.0,6.272,1660185772.0
165,,,,,,,,,,,,,,,,66586.0,16.0,-102.6,8.88,10.23,,,,,41.432304,-105.891403,,,1660185772.1
166,,,,,,,,,,,,,,,,66586.0,16.0,-103.19,9.12,12.0,,,,,41.432289,-105.891365,,,1660185772.2
167,,,,,,,,,,,,,,,,66586.0,16.0,-103.18,9.65,7.0,,,,,41.432278,-105.891327,,,1660185772.3
168,,,,,,,,,,,,,,,,66586.0,16.0,-103.02,11.01,11.11,,,,,41.432262,-105.891289,,,1660185772.4
169,,,,,,,,,,,,,,,,66586.0,16.0,-101.09,10.63,8.0,,,,,41.432251,-105.891251,388624.0,6.218,1660185772.5
170,,,,,,,,,,,,,,,,66586.0,16.0,-100.67,8.74,7.0,,,,,41.43224,-105.891212,,,1660185772.6
171,,,,,,,,,,,,,,,,66586.0,16.0,-101.72,9.97,10.0,,,,,41.432224,-105.891174,,,1660185772.7
172,,,,,,,,,,,,,,,,66586.0,16.0,-102.87,11.4,8.0,,,,,41.432213,-105.891136,,,1660185772.8
173,,,,,,,,,,,,,,,,66586.0,16.0,-101.38,12.07,14.0,,,,,41.432198,-105.891098,,,1660185772.9
174,,,,,,,,,,,,,,,9.531,66586.0,16.0,-101.97,9.11,4.0,,,,,41.432186,-105.89106,498528.0,7.992,1660185773.0
175,,,,,,,,,,,,,,,,66586.0,16.0,-101.51,9.6,8.08,,,,,41.432175,-105.891022,,,1660185773.1
176,,,,,,,,,,,,,,,,66586.0,16.0,-101.12,11.47,11.11,,,,,41.432159,-105.890984,,,1660185773.2
177,,,,,,,,,,,,,,,,66586.0,16.0,-100.72,12.28,8.0,,,,,41.432148,-105.890945,,,1660185773.3
178,,,,,,,,,,,,,,,,66586.0,16.0,-101.16,12.24,7.37,,,,,41.432133,-105.890907,,,1660185773.4
179,,,,,,,,,,,,,,,,66586.0,16.0,-100.51,13.24,9.09,,,,,41.432121,-105.890869,544172.0,8.707,1660185773.5
180,,,,,,,,,,,,,,,,66586.0,16.0,-100.97,13.58,11.11,,,,,41.432106,-105.890831,,,1660185773.6
181,,,,,,,,,,,,,,,,66586.0,16.0,-100.68,13.15,10.1,,,,,41.432091,-105.8908,,,1660185773.7
182,,,,,,,,,,,,,,,,66586.0,16.0,-100.19,10.43,11.11,,,,,41.432076,-105.890762,,,1660185773.8
183,,,,,,,,,,,,,,,,66586.0,16.0,-100.41,8.75,9.09,,,,,41.43206,-105.890724,,,1660185773.9
184,,,,,,,,,,,,,,,9.359,66586.0,16.0,-99.35,7.52,7.0,,,,,41.432045,-105.890686,629956.0,10.079,1660185774.0
185,,,,,,,,,,,,,,,,66586.0,16.0,-98.72,13.56,7.0,,,,,41.43203,-105.890656,,,1660185774.1
186,,,,,,,,,,,,,,,,66586.0,16.0,-99.67,14.34,9.09,,,,,41.432014,-105.890617,,,1660185774.2
187,,,,,,,,,,,,,,,,66586.0,16.0,-100.86,13.56,9.0,,,,,41.431999,-105.890579,,,1660185774.3
188,,,,,,,,,,,,,,,,66586.0,16.0,-101.34,13.05,8.75,,,,,41.431984,-105.890549,,,1660185774.4
189,,,,,,,,,,,,,,,,66586.0,16.0,-101.36,12.04,10.08,,,,,41.431969,-105.890511,622712.0,9.963,1660185774.5
190,,,,,,,,,,,,,,,,66586.0,16.0,-98.83,10.99,11.25,,,,,41.431953,-105.890472,,,1660185774.6
191,,,,,,,,,,,,,,,,66586.0,16.0,-99.88,10.27,10.78,,,,,41.431938,-105.890434,,,1660185774.7
192,,,,,,,,,,,,,,,,66586.0,16.0,-100.33,9.58,7.14,,,,,41.431923,-105.890396,,,1660185774.8
193,,,,,,,,,,,,,,,,66586.0,16.0,-101.65,9.1,7.0,,,,,41.431908,-105.890358,,,1660185774.9
194,,,,,,,,,,,,,,,6.367,66586.0,16.0,-101.45,9.7,8.0,,,,,41.431892,-105.89032,557076.0,8.895,1660185775.0
195,,,,,,,,,,,,,,,,66586.0,16.0,-101.31,8.88,12.0,,,,,41.431881,-105.890282,,,1660185775.1
196,,,,,,,,,,,,,,,,66586.0,16.0,-100.88,9.58,10.1,,,,,41.431866,-105.890244,,,1660185775.2
197,,,,,,,,,,,,,,,,66586.0,16.0,-100.87,9.05,5.0,,,,,41.43185,-105.890205,,,1660185775.3
198,,,,,,,,,,,,,,,,66586.0,16.0,-101.19,7.74,15.0,,,,,41.431835,-105.890167,,,1660185775.4
199,,,,,,,,,,,,,,,,66586.0,16.0,-101.51,6.88,5.0,,,,,41.43182,-105.890129,489960.0,7.855,1660185775.5
200,,,,,,,,,,,,,,,,66586.0,16.0,-102.26,5.93,8.75,,,,,41.431805,-105.890091,,,1660185775.6
201,,,,,,,,,,,,,,,,66586.0,16.0,-102.97,5.5,13.0,,,,,41.431789,-105.890053,,,1660185775.7
202,,,,,,,,,,,,,,,,66586.0,16.0,-104.31,5.03,11.0,,,,,41.431774,-105.890015,,,1660185775.8
203,,,,,,,,,,,,,,,,66586.0,16.0,-104.6,4.15,9.17,,,,,41.431759,-105.889977,,,1660185775.9
204,,,,,,,,,,,,,,,4.591,66586.0,16.0,-104.46,4.49,6.98,,,,,41.431747,-105.889938,271476.0,4.344,1660185776.0
205,,,,,,,,,,,,,,,,66586.0,16.0,-103.32,5.05,4.0,,,,,41.431732,-105.889893,,,1660185776.1
206,,,,,,,,,,,,,,,,66586.0,16.0,-103.88,5.25,11.0,,,,,41.431717,-105.889854,,,1660185776.2
207,,,,,,,,,,,,,,,,66586.0,16.0,-102.78,5.38,13.0,,,,,41.431702,-105.889816,,,1660185776.3
208,,,,,,,,,,,,,,,,66586.0,16.0,-102.16,4.75,10.0,,,,,41.431686,-105.889778,,,1660185776.4
209,,,,,,,,,,,,,,,,66586.0,16.0,-102.67,5.16,10.0,,,,,41.431671,-105.88974,300036.0,4.791,1660185776.5
210,,,,,,,,,,,,,,,,66586.0,16.0,-102.73,4.26,7.0,,,,,41.431656,-105.889702,,,1660185776.6
211,,,,,,,,,,,,,,,,66586.0,16.0,-103.13,4.93,10.0,,,,,41.431641,-105.889664,,,1660185776.7
212,,,,,,,,,,,,,,,,66586.0,16.0,-102.9,5.9,4.0,,,,,41.431622,-105.889626,,,1660185776.8
213,,,,,,,,,,,,,,,,66586.0,16.0,-104.49,5.51,11.0,,,,,41.431606,-105.889587,,,1660185776.9
214,,,,,,,,,,,,,,,4.863,66586.0,16.0,-105.28,5.42,8.16,,,,,41.431591,-105.889549,290092.0,4.651,1660185777.0
215,,,,,,,,,,,,,,,,66586.0,16.0,-106.63,5.17,11.0,,,,,41.431576,-105.889511,,,1660185777.1
216,,,,,,,,,,,,,,,,66586.0,16.0,-107.98,5.11,6.25,,,,,41.431561,-105.889473,,,1660185777.2
217,,,,,,,,,,,,,,,,66586.0,16.0,-107.99,4.73,13.39,,,,,41.431541,-105.889435,,,1660185777.3
218,,,,,,,,,,,,,,,,66586.0,16.0,-107.81,6.14,5.0,,,,,41.431526,-105.889397,,,1660185777.4
219,,,,,,,,,,,,,,,,66586.0,16.0,-107.41,7.13,7.5,,,,,41.431511,-105.889359,231440.0,3.703,1660185777.5
220,,,,,,,,,,,,,,,,66586.0,16.0,-106.73,5.95,9.0,,,,,41.431496,-105.88932,,,1660185777.6
221,,,,,,,,,,,,,,,,66586.0,16.0,-107.15,6.03,8.0,,,,,41.43148,-105.889282,,,1660185777.7
222,,,,,,,,,,,,,,,,66586.0,16.0,-106.55,7.24,11.0,,,,,41.431465,-105.889252,,,1660185777.8
223,,,,,,,,,,,,,,,,66586.0,16.0,-105.37,8.17,8.08,,,,,41.43145,-105.889214,,,1660185777.9
224,,,,,,,,,,,,,,,7.069,66586.0,16.0,-105.36,8.05,9.0,,,,,41.431435,-105.889175,365776.0,5.852,1660185778.0
225,,,,,,,,,,,,,,,,66586.0,16.0,-106.3,8.42,10.0,,,,,41.431419,-105.889137,,,1660185778.1
226,,,,,,,,,,,,,,,,66586.0,16.0,-105.56,9.23,10.0,,,,,41.431404,-105.889099,,,1660185778.2
227,,,,,,,,,,,,,,,,66586.0,16.0,-105.02,9.28,6.0,,,,,41.431389,-105.889069,,,1660185778.3
228,,,,,,,,,,,,,,,,66586.0,16.0,-104.47,9.11,8.08,,,,,41.431374,-105.88903,,,1660185778.4
229,,,,,,,,,,,,,,,,66586.0,16.0,-104.01,9.51,13.0,,,,,41.431358,-105.888992,422792.0,6.765,1660185778.5
230,,,,,,,,,,,,,,,,66586.0,16.0,-104.07,9.33,8.99,,,,,41.431343,-105.888954,,,1660185778.6
231,,,,,,,,,,,,,,,,66586.0,16.0,-104.11,9.83,8.08,,,,,41.431328,-105.888916,,,1660185778.7
232,,,,,,,,,,,,,,,,66586.0,16.0,-104.59,7.83,9.09,,,,,41.431309,-105.888878,,,1660185778.8
233,,,,,,,,,,,,,,,,66586.0,16.0,-103.8,11.05,8.0,,,,,41.431293,-105.88884,,,1660185778.9
234,,,,,,,,,,,,,,,7.845,66586.0,16.0,-103.85,11.65,7.0,,,,,41.431278,-105.888794,465736.0,7.452,1660185779.0
235,,,,,,,,,,,,,,,,66586.0,16.0,-104.3,10.45,11.0,,,,,41.431263,-105.888756,,,1660185779.1
236,,,,,,,,,,,,,,,,66586.0,16.0,-103.8,9.96,10.0,,,,,41.431248,-105.888718,,,1660185779.2
237,,,,,,,,,,,,,,,,66586.0,16.0,-104.13,9.58,9.09,,,,,41.431229,-105.88868,,,1660185779.3
238,,,,,,,,,,,,,,,,66586.0,16.0,-104.24,9.78,9.0,,,,,41.431213,-105.888641,,,1660185779.4
239,,,,,,,,,,,,,,,,66586.0,16.0,-103.58,9.16,8.0,,,,,41.431198,-105.888603,461348.0,7.382,1660185779.5
240,,,,,,,,,,,,,,,,66586.0,16.0,-103.69,9.18,12.0,,,,,41.431183,-105.888565,,,1660185779.6
241,,,,,,,,,,,,,,,,66586.0,16.0,-103.37,9.56,7.0,,,,,41.431168,-105.888527,,,1660185779.7
242,,,,,,,,,,,,,,,,66586.0,16.0,-103.35,10.55,11.0,,,,,41.431152,-105.888489,,,1660185779.8
243,,,,,,,,,,,,,,,,66586.0,16.0,-103.38,9.96,6.67,,,,,41.431137,-105.888451,,,1660185779.9
244,,,,,,,,,,,,,,,7.588,66586.0,16.0,-103.44,11.51,9.0,,,,,41.431122,-105.888412,525712.0,8.411,1660185780.0
245,,,,,,,,,,,,,,reportStrongestCells,,,,,,,,,,,41.431114,-105.888405,,,1660185780.029906
246,,,,,,,,,,,,,,,,66586.0,16.0,-104.19,10.63,9.0,,,,,41.431103,-105.888374,,,1660185780.1
247,,,,,,,,,,,,,,,,66586.0,16.0,-104.01,11.27,8.08,,,,,41.431087,-105.888336,,,1660185780.2
248,,,,,,,,,,,,,,,,66586.0,16.0,-103.85,11.73,12.0,,,,,41.431072,-105.888298,,,1660185780.3
249,,,,,,,,,,,,,,,,66586.0,16.0,-103.88,11.86,8.0,,,,,41.431057,-105.88826,,,1660185780.4
250,,,,,,,,,,,,,,,,66586.0,16.0,-103.52,10.82,11.0,,,,,41.431042,-105.888222,477108.0,7.618,1660185780.5
251,,,,,,,,,,,,,,,,66586.0,16.0,-104.14,10.26,8.08,,,,,41.431026,-105.888184,,,1660185780.6
252,,,,,,,,,,,,,,,,66586.0,16.0,-103.49,10.22,9.0,,,,,41.431011,-105.888145,,,1660185780.7
253,,,,,,,,,,,,,,,,66586.0,16.0,-104.06,9.83,11.0,,,,,41.430996,-105.888107,,,1660185780.8
254,,,,,,,,,,,,,,,,66586.0,16.0,-104.02,9.85,7.0,,,,,41.430981,-105.888069,,,1660185780.9
255,,,,,,,,,,,,,,,7.079,66586.0,16.0,-103.76,9.71,12.12,,,,,41.430965,-105.888031,441408.0,7.077,1660185781.0
256,,,,,,,,,,,,,,,,66586.0,16.0,-104.58,9.88,7.0,,,,,41.43095,-105.887993,,,1660185781.1
257,,,,,,,,,,,,,,,,66586.0,16.0,-105.62,8.43,10.75,,,,,41.430935,-105.887955,,,1660185781.2
258,,,,,,,,,,,,,,,,66586.0,16.0,-105.22,9.6,6.0,,,,,41.43092,-105.887917,,,1660185781.3
259,,,,,,,,,,,,,,,,66586.0,16.0,-105.78,8.97,8.0,,,,,41.430904,-105.887878,,,1660185781.4
260,,,,,,,,,,,,,,,,66586.0,16.0,-105.76,7.58,12.0,,,,,41.430889,-105.88784,358532.0,5.737,1660185781.5
261,,,,,,,,,,,,,,,,66586.0,16.0,-105.69,9.14,6.0,,,,,41.430874,-105.887802,,,1660185781.6
262,,,,,,,,,,,,,,,,66586.0,16.0,-106.09,9.08,14.14,,,,,41.430859,-105.887764,,,1660185781.7
263,,,,,,,,,,,,,,,,66586.0,16.0,-105.72,10.12,4.0,,,,,41.43084,-105.887726,,,1660185781.8
264,,,,,,,,,,,,,,,,66586.0,16.0,-105.42,9.71,8.0,,,,,41.430824,-105.887688,,,1660185781.9
265,,,,,,,,,,,,,,,8.256,66586.0,16.0,-104.46,9.05,12.0,,,,,41.430809,-105.88765,547132.0,8.754,1660185782.0
266,,,,,,,,,,,,,,,,66586.0,16.0,-105.1,9.54,9.0,,,,,41.430794,-105.887611,,,1660185782.1
267,,,,,,,,,,,,,,,,66586.0,16.0,-104.11,9.4,7.07,,,,,41.430779,-105.887573,,,1660185782.2
268,,,,,,,,,,,,,,,,66586.0,16.0,-104.54,10.8,10.0,,,,,41.430759,-105.887535,,,1660185782.3
269,,,,,,,,,,,,,,,,66586.0,16.0,-104.34,9.99,9.0,,,,,41.430744,-105.887497,,,1660185782.4
270,,,,,,,,,,,,,,,,66586.0,16.0,-104.52,9.98,10.75,,,,,41.430729,-105.887459,527088.0,8.433,1660185782.5
271,,,,,,,,,,,,,,,,66586.0,16.0,-104.44,9.21,8.0,,,,,41.430714,-105.887421,,,1660185782.6
272,,,,,,,,,,,,,,,,66586.0,16.0,-103.88,9.07,11.0,,,,,41.430698,-105.887383,,,1660185782.7
273,,,,,,,,,,,,,,,,66586.0,16.0,-104.28,9.92,8.0,,,,,41.430683,-105.887344,,,1660185782.8
274,,,,,,,,,,,,,,,,66586.0,16.0,-104.58,10.4,10.0,,,,,41.430668,-105.887306,,,1660185782.9
275,,,,,,,,,,,,,,,8.0,66586.0,16.0,-105.9,10.08,6.67,,,,,41.430656,-105.887268,491388.0,7.862,1660185783.0
276,,,,,,,,,,,,,,,,66586.0,16.0,-105.14,10.24,8.0,,,,,41.430641,-105.88723,,,1660185783.1
277,,,,,,,,,,,,,,,,66586.0,16.0,-105.99,11.12,12.0,,,,,41.430626,-105.887192,,,1660185783.2
278,,,,,,,,,,,,,,,,66586.0,16.0,-105.29,11.36,8.0,,,,,41.430611,-105.887154,,,1660185783.3
279,,,,,,,,,,,,,,,,66586.0,16.0,-103.86,11.85,7.0,,,,,41.430595,-105.887115,,,1660185783.4
280,,,,,,,,,,,,,,,,66586.0,16.0,-102.31,11.19,11.11,,,,,41.43058,-105.887077,525660.0,8.394,1660185783.5
281,,,,,,,,,,,,,,,,66586.0,16.0,-102.59,10.99,8.0,,,,,41.430561,-105.887039,,,1660185783.6
282,,,,,,,,,,,,,,,,66586.0,16.0,-102.41,12.08,10.0,,,,,41.430546,-105.887001,,,1660185783.7
283,,,,,,,,,,,,,,,,66586.0,16.0,-101.59,12.43,9.78,,,,,41.430527,-105.886963,,,1660185783.8
284,,,,,,,,,,,,,,,,66586.0,16.0,-101.2,12.67,8.0,,,,,41.430511,-105.886925,,,1660185783.9
285,,,,,,,,,,,,,,,9.442,66586.0,16.0,-101.47,12.61,10.0,,,,,41.430496,-105.886887,475628.0,7.625,1660185784.0
286,,,,,,,,,,,,,,,,66586.0,16.0,-101.15,13.34,8.0,,,,,41.430477,-105.886841,,,1660185784.1
287,,,,,,,,,,,,,,,,66586.0,16.0,-99.76,12.77,10.0,,,,,41.430462,-105.886803,,,1660185784.2
288,,,,,,,,,,,,,,,,66586.0,16.0,-100.47,11.75,8.0,,,,,41.430443,-105.886765,,,1660185784.3
289,,,,,,,,,,,,,,,,66586.0,16.0,-101.45,11.52,10.1,,,,,41.430428,-105.886726,,,1660185784.4
290,,,,,,,,,,,,,,,,66586.0,16.0,-101.94,11.82,10.1,,,,,41.430408,-105.886688,612820.0,9.786,1660185784.5
291,,,,,,,,,,,,,,,,66586.0,16.0,-102.52,10.63,8.0,,,,,41.430393,-105.88665,,,1660185784.6
292,,,,,,,,,,,,,,,,66586.0,16.0,-103.73,11.24,9.0,,,,,41.430378,-105.886612,,,1660185784.7
293,,,,,,,,,,,,,,,,66586.0,16.0,-104.95,10.2,10.0,,,,,41.430359,-105.886574,,,1660185784.8
294,,,,,,,,,,,,,,,,66586.0,16.0,-103.93,10.51,10.0,,,,,41.430344,-105.886536,,,1660185784.9
295,,,,,,,,,,,,,,,6.992,66586.0,16.0,-104.6,10.85,9.09,,,,,41.430328,-105.886497,557024.0,8.93,1660185785.0
296,,,,,,,,,,,,,,,,66586.0,16.0,-105.66,9.95,11.46,,,,,41.430313,-105.886459,,,1660185785.1
297,,,,,,,,,,,,,,reportStrongestCells,,,,,,,,,,,41.430305,-105.886436,,,1660185785.153402
298,,,,,,,,,,,,,,,,66586.0,16.0,-105.22,10.18,5.0,,,,,41.430298,-105.886421,,,1660185785.2
299,,,,,,,,,,,,,,,,66586.0,16.0,-105.87,9.09,11.0,,,,,41.430279,-105.886383,,,1660185785.3
300,,,,,,,,,,,,,,,,66586.0,16.0,-106.64,8.63,10.0,,,,,41.430264,-105.886345,,,1660185785.4
301,,,,,,,,,,,,,,,,66586.0,16.0,-106.41,7.36,9.0,,,,,41.430248,-105.886307,490012.0,7.84,1660185785.5
302,,,,,,,,,,,,,,,,66586.0,16.0,-104.22,7.37,9.09,,,,,41.430233,-105.886269,,,1660185785.6
303,,,,,,,,,,,,,,,,66586.0,16.0,-106.12,7.75,7.0,,,,,41.430218,-105.886238,,,1660185785.7
304,,,,,,,,,,,,,,,,66586.0,16.0,-105.89,5.94,13.0,,,,,41.430202,-105.8862,,,1660185785.8
305,,,,,,,,,,,,,,,,66586.0,16.0,-104.48,5.39,6.0,,,,,41.430187,-105.886162,,,1660185785.9
306,,,,,,,,,,,,,,,5.34,66586.0,16.0,-104.64,6.31,10.0,,,,,41.430176,-105.886124,372812.0,5.965,1660185786.0
307,,,,,,,,,,,,,,,,66586.0,16.0,-105.44,6.98,9.09,,,,,41.430161,-105.886093,,,1660185786.1
308,,,,,,,,,,,,,,,,66586.0,16.0,-106.08,6.43,11.11,,,,,41.430145,-105.886055,,,1660185786.2
309,,,,,,,,,,,,,,,,66586.0,16.0,-106.01,5.71,3.0,,,,,41.43013,-105.886017,,,1660185786.3
310,,,,,,,,,,,,,,,,66586.0,16.0,-105.01,4.42,15.63,,,,,41.430115,-105.885986,,,1660185786.4
311,,,,,,,,,,,,,,,,66586.0,16.0,-105.33,4.54,8.0,,,,,41.430099,-105.885948,311512.0,4.984,1660185786.5
312,,,,,,,,,,,,,,,,66586.0,16.0,-104.47,5.01,8.0,,,,,41.430084,-105.88591,,,1660185786.6
313,,,,,,,,,,,,,,,,66586.0,16.0,-105.3,5.59,9.0,,,,,41.430069,-105.885872,,,1660185786.7
314,,,,,,,,,,,,,,,,66586.0,16.0,-106.26,6.78,11.0,,,,,41.43005,-105.885826,,,1660185786.8
315,,,,,,,,,,,,,,,,66586.0,16.0,-105.23,7.25,9.0,,,,,41.430035,-105.885788,,,1660185786.9
316,,,,,,,,,,,,,,,4.978,66586.0,16.0,-104.34,6.37,9.0,,,,,41.430019,-105.88575,317120.0,5.074,1660185787.0
317,,,,,,,,,,,,,,,,66586.0,16.0,-105.18,6.65,9.0,,,,,41.430004,-105.885712,,,1660185787.1
318,,,,,,,,,,,,,,,,66586.0,16.0,-106.26,6.59,7.0,,,,,41.429989,-105.885674,,,1660185787.2
319,,,,,,,,,,,,,,,,66586.0,16.0,-106.94,6.61,8.0,,,,,41.42997,-105.885628,,,1660185787.3
320,,,,,,,,,,,,,,,,66586.0,16.0,-107.74,6.07,10.0,,,,,41.429955,-105.88559,,,1660185787.4
321,,,,,,,,,,,,,,,,66586.0,16.0,-106.72,6.76,10.0,,,,,41.429939,-105.885551,374240.0,5.988,1660185787.5
322,,,,,,,,,,,,,,,,66586.0,16.0,-106.76,6.32,10.0,,,,,41.429924,-105.885513,,,1660185787.6
323,,,,,,,,,,,,,,,,66586.0,16.0,-106.1,5.6,7.37,,,,,41.429909,-105.885475,,,1660185787.7
324,,,,,,,,,,,,,,,,66586.0,16.0,-105.83,5.58,8.0,,,,,41.42989,-105.885437,,,1660185787.8
325,,,,,,,,,,,,,,,,66586.0,16.0,-107.53,4.83,14.0,,,,,41.429874,-105.885399,,,1660185787.9
326,,,,,,,,,,,,,,,2.397,66586.0,16.0,-108.66,4.05,11.0,,,,,41.429859,-105.885361,272956.0,4.367,1660185788.0
327,,,,,,,,,,,,,,,,66586.0,16.0,-108.93,4.41,6.0,,,,,41.429844,-105.885323,,,1660185788.1
328,,,,,,,,,,,,,,,,66586.0,16.0,-108.59,3.93,11.0,,,,,41.429829,-105.885284,,,1660185788.2
329,,,,,,,,,,,,,,,,66586.0,16.0,-108.71,3.27,9.0,,,,,41.42981,-105.885246,,,1660185788.3
330,,,,,,,,,,,,,,,,66586.0,16.0,-108.22,4.09,10.0,,,,,41.429794,-105.885208,,,1660185788.4
331,,,,,,,,,,,,,,,,66586.0,16.0,-107.51,4.52,4.0,,,,,41.429779,-105.88517,40088.0,0.641,1660185788.5
332,,,,,,,,,,,,,,,,66586.0,16.0,-107.27,3.17,16.16,,,,,41.429764,-105.885132,,,1660185788.6
333,,,,,,,,,,,,,,,,66586.0,16.0,-107.64,2.49,13.0,,,,,41.429749,-105.885094,,,1660185788.7
334,,,,,,,,,,,,,,,,66586.0,16.0,-107.26,2.77,4.0,,,,,41.429733,-105.885056,,,1660185788.8
335,,,,,,,,,,,,,,,,66586.0,16.0,-108.35,4.25,6.0,,,,,41.429718,-105.885017,,,1660185788.9
336,,,,,,,,,,,,,,,3.589,66586.0,16.0,-108.31,4.23,8.42,,,,,41.429703,-105.884979,188704.0,3.019,1660185789.0
337,,,,,,,,,,,,,,,,66586.0,16.0,-108.59,3.64,7.0,,,,,41.429691,-105.884941,,,1660185789.1
338,,,,,,,,,,,,,,,,66586.0,16.0,-109.05,5.42,8.08,,,,,41.429676,-105.884903,,,1660185789.2
339,,,,,,,,,,,,,,,,66586.0,16.0,-108.69,7.13,12.12,,,,,41.429661,-105.884865,,,1660185789.3
340,,,,,,,,,,,,,,,,66586.0,16.0,-107.7,5.3,10.0,,,,,41.429646,-105.884827,,,1660185789.4
341,,,,,,,,,,,,,,,,66586.0,16.0,-109.44,4.68,7.0,,,,,41.42963,-105.884789,264284.0,4.229,1660185789.5
342,,,,,,,,,,,,,,,,66586.0,16.0,-109.6,5.12,11.11,,,,,41.429615,-105.88475,,,1660185789.6
343,,,,,,,,,,,,,,,,66586.0,16.0,-111.08,5.03,14.0,,,,,41.4296,-105.884712,,,1660185789.7
344,,,,,,,,,,,,,,,,66586.0,16.0,-109.34,3.61,9.0,,,,,41.429585,-105.884682,,,1660185789.8
345,,,,,,,,,,,,,,,,66586.0,16.0,-109.41,4.43,6.0,,,,,41.429569,-105.884644,,,1660185789.9
346,,,,,,,,,,,,,,,3.85,66586.0,16.0,-109.65,3.87,8.0,,,,,41.429558,-105.884605,202984.0,3.248,1660185790.0
347,,,,,,,,,,,,,,,,66586.0,16.0,-108.81,4.89,8.0,,,,,41.429543,-105.884567,,,1660185790.1
348,,,,,,,,,,,,,,,,66586.0,16.0,-110.21,4.63,10.0,,,,,41.429527,-105.884529,,,1660185790.2
349,,,,,,,,,,,,,,reportStrongestCells,,,,,,,,,,,41.429516,-105.884506,,,1660185790.274501
350,,,,,,,,,,,,,,,,66586.0,16.0,-112.8,4.43,9.68,,,,,41.429512,-105.884499,,,1660185790.3
351,,,,,,,,,,,,,,,,66586.0,16.0,-111.24,4.78,7.0,,,,,41.429497,-105.88446,,,1660185790.4
352,,,,,,,,,,,,,,,,66586.0,16.0,-108.07,5.13,10.0,,,,,41.429482,-105.884422,251536.0,4.025,1660185790.5
353,,,,,,,,,,,,,,,,66586.0,16.0,-108.76,5.0,6.0,,,,,41.429466,-105.884384,,,1660185790.6
354,,,,,,,,,,,,,,,,66586.0,16.0,-109.32,5.05,11.11,,,,,41.429451,-105.884346,,,1660185790.7
355,,,,,,,,,,,,,,,,66586.0,16.0,-113.46,5.18,11.0,,,,,41.429432,-105.884308,,,1660185790.8
356,,,,,,,,,,,,,,,,66586.0,16.0,-113.22,6.12,11.0,,,,,41.429417,-105.88427,,,1660185790.9
357,,,,,,,,,,,,,,,3.495,66586.0,16.0,-112.83,5.44,7.0,,,,,41.429401,-105.884232,238580.0,3.817,1660185791.0
358,,,,,,,,,,,,,,,,66586.0,16.0,-112.17,4.47,9.0,,,,,41.429386,-105.884193,,,1660185791.1
359,,,,,,,,,,,,,,,,66586.0,16.0,-112.14,5.93,8.0,,,,,41.429371,-105.884155,,,1660185791.2
360,,,,,,,,,,,,,,,,66586.0,16.0,-111.91,5.61,11.0,,,,,41.429352,-105.884117,,,1660185791.3
361,,,,,,,,,,,,,,,,66586.0,16.0,-111.34,4.57,7.0,,,,,41.429337,-105.884079,,,1660185791.4
362,,,,,,,,,,,,,,,,66586.0,16.0,-111.53,4.12,16.46,,,,,41.429321,-105.884041,278668.0,4.459,1660185791.5
363,,,,,,,,,,,,,,,,66586.0,16.0,-110.56,5.52,8.11,,,,,41.429306,-105.884003,,,1660185791.6
364,,,,,,,,,,,,,,,,66586.0,16.0,-108.89,3.64,10.0,,,,,41.429291,-105.883965,,,1660185791.7
365,,,,,,,,,,,,,,,,66586.0,16.0,-109.18,3.12,11.0,,,,,41.429272,-105.883926,,,1660185791.8
366,,,,,,,,,,,,,,,,66586.0,16.0,-108.87,2.11,7.0,,,,,41.429256,-105.883888,,,1660185791.9
367,,,,,,,,,,,,,,,2.05,66586.0,16.0,-108.43,2.07,11.0,,,,,41.429241,-105.88385,107204.0,1.712,1660185792.0
368,,,,,,,,,,,,,,,,66586.0,16.0,-108.33,5.23,1.0,,,,,41.429226,-105.883804,,,1660185792.1
369,,,,,,,,,,,,,,,,66586.0,16.0,-109.85,2.19,12.0,,,,,41.429211,-105.883766,,,1660185792.2
370,,,,,,,,,,,,,,,,66586.0,16.0,-108.3,4.69,7.0,,,,,41.429192,-105.883728,,,1660185792.3
371,,,,,,,,,,,,,,,,66586.0,16.0,-108.72,2.28,13.0,,,,,41.429176,-105.88369,,,1660185792.4
372,,,,,,,,,,,,,,,,66586.0,16.0,-109.02,2.48,6.0,,,,,41.429161,-105.883652,201556.0,3.231,1660185792.5
373,,,,,,,,,,,,,,,,66586.0,16.0,-109.61,2.94,13.27,,,,,41.429146,-105.883614,,,1660185792.6
374,,,,,,,,,,,,,,,,66586.0,16.0,-109.49,1.62,12.66,,,,,41.429131,-105.883575,,,1660185792.7
375,,,,,,,,,,,,,,,,66586.0,16.0,-109.78,2.65,7.0,,,,,41.429111,-105.883537,,,1660185792.8
376,,,,,,,,,,,,,,,,66586.0,16.0,-108.52,2.97,10.28,,,,,41.429096,-105.883499,,,1660185792.9
377,,,,,,,,,,,,,,,1.892,66586.0,16.0,-110.78,1.81,11.0,,,,,41.429081,-105.883461,37232.0,0.596,1660185793.0
378,,,,,,,,,,,,,,,,66586.0,16.0,-108.37,3.0,8.0,,,,,41.429066,-105.883423,,,1660185793.1
379,,,,,,,,,,,,,,,,66586.0,16.0,-109.89,2.37,8.0,,,,,41.42905,-105.883385,,,1660185793.2
380,,,,,,,,,,,,,,,,66586.0,16.0,-108.52,1.8,7.07,,,,,41.429031,-105.883347,,,1660185793.3
381,,,,,,,,,,,,,,,,66586.0,16.0,-106.46,3.05,12.0,,,,,41.429016,-105.883308,,,1660185793.4
382,,,,,,,,,,,,,,,,66586.0,16.0,-113.28,2.73,8.0,,,,,41.429001,-105.88327,98688.0,1.579,1660185793.5
383,,,,,,,,,,,,,,,,66586.0,16.0,-113.86,3.27,9.0,,,,,41.428986,-105.883232,,,1660185793.6
384,,,,,,,,,,,,,,,,66586.0,16.0,-112.51,3.27,16.0,,,,,41.42897,-105.883194,,,1660185793.7
385,,,,,,,,,,,,,,,,66586.0,16.0,-116.07,1.78,7.0,,,,,41.428955,-105.883156,,,1660185793.8
386,,,,,,,,,,,,,,,,66586.0,16.0,-116.05,2.96,7.0,,,,,41.42894,-105.883118,,,1660185793.9
387,,,,,,,,,,,,,,,2.5,66586.0,16.0,-111.42,3.26,5.0,,,,,41.428925,-105.883087,128676.0,2.059,1660185794.0
388,,,,,,,,,,,,,,,,66586.0,16.0,-112.08,4.19,12.24,,,,,41.428909,-105.883049,,,1660185794.1
389,,,,,,,,,,,,,,,,66586.0,16.0,-112.62,3.85,6.67,,,,,41.428894,-105.883011,,,1660185794.2
390,,,,,,,,,,,,,,,,66586.0,16.0,-114.31,3.97,12.0,,,,,41.428879,-105.882973,,,1660185794.3
391,,,,,,,,,,,,,,,,66586.0,16.0,-113.38,2.75,12.0,,,,,41.428864,-105.882935,,,1660185794.4
392,,,,,,,,,,,,,,,,66586.0,16.0,-111.92,3.33,8.0,,,,,41.428848,-105.882896,287184.0,4.595,1660185794.5
393,,,,,,,,,,,,,,,,66586.0,16.0,-112.6,2.86,5.0,,,,,41.428833,-105.882858,,,1660185794.6
394,,,,,,,,,,,,,,,,66586.0,16.0,-113.96,3.8,15.46,,,,,41.428814,-105.88282,,,1660185794.7
395,,,,,,,,,,,,,,,,66586.0,16.0,-115.78,3.67,1.01,,,,,41.428799,-105.882782,,,1660185794.8
396,,,,,,,,,,,,,,,,66586.0,16.0,-116.52,2.89,13.0,,,,,41.42878,-105.882744,,,1660185794.9
397,,,,,,,,,,,,,,,1.891,66586.0,16.0,-115.5,2.81,15.0,,,,,41.428764,-105.882706,175800.0,2.813,1660185795.0
398,,,,,,,,,,,,,,,,66586.0,16.0,-114.41,2.91,3.0,,,,,41.428749,-105.88266,,,1660185795.1
399,,,,,,,,,,,,,,,,66586.0,16.0,-114.81,3.05,10.0,,,,,41.42873,-105.882622,,,1660185795.2
400,,,,,,,,,,,,,,,,66586.0,16.0,-114.8,3.92,7.0,,,,,41.428715,-105.882584,,,1660185795.3
401,,,,,,,,,,,,,,reportStrongestCells,,,,,,,,,,,41.428696,-105.882545,,,1660185795.39794
402,,,,,,,,,,,,,,,,66586.0,16.0,-115.78,3.66,10.0,,,,,41.428696,-105.882545,,,1660185795.4
403,,,,,,,,,,,,,,,,66586.0,16.0,-115.53,2.37,7.95,,,,,41.42868,-105.882507,141632.0,2.262,1660185795.5
404,,,,,,,,,,,,,,,,66586.0,16.0,-116.28,2.95,10.0,,,,,41.428665,-105.882469,,,1660185795.6
405,,,,,,,,,,,,,,,,66586.0,16.0,-116.79,3.06,13.0,,,,,41.42865,-105.882431,,,1660185795.7
406,,,,,,,,,,,,,,,,66586.0,16.0,-115.95,3.11,8.0,,,,,41.428631,-105.882393,,,1660185795.8
407,,,,,,,,,,,,,,,,66586.0,16.0,-116.72,3.04,9.0,,,,,41.428616,-105.882355,,,1660185795.9
408,,,,,,,,,,,,,,,1.745,66586.0,16.0,-115.77,1.69,10.0,,,,,41.4286,-105.882309,140204.0,2.248,1660185796.0
409,,,,,,,,,,,,,,,,66586.0,16.0,-116.5,2.78,5.0,,,,,41.428585,-105.882271,,,1660185796.1
410,,,,,,,,,,,,,,,,66586.0,16.0,-117.45,2.78,7.0,,,,,41.42857,-105.882233,,,1660185796.2
411,,,,,,,,,,,,,,,,66586.0,16.0,-116.7,4.29,14.29,,,,,41.428551,-105.882195,,,1660185796.3
412,,,,,,,,,,,,,,,,66586.0,16.0,-114.72,2.97,5.0,,,,,41.428535,-105.882156,,,1660185796.4
413,,,,,,,,,,,,,,,,66586.0,16.0,-113.69,3.44,14.0,,,,,41.42852,-105.882118,83084.0,1.329,1660185796.5
414,,,,,,,,,,,,,,,,66586.0,16.0,-114.15,1.75,6.25,,,,,41.428505,-105.88208,,,1660185796.6
415,,,,,,,,,,,,,,,,66586.0,16.0,-115.58,2.46,8.16,,,,,41.42849,-105.882042,,,1660185796.7
416,,,,,,,,,,,,,,,,66586.0,16.0,-115.21,2.14,10.78,,,,,41.428474,-105.882011,,,1660185796.8
417,,,,,,,,,,,,,,,,66586.0,16.0,-118.94,2.1,12.0,,,,,41.428459,-105.881973,,,1660185796.9
418,,,,,,,,,,,,,,,0.708,66586.0,16.0,-116.99,1.59,5.0,,,,,41.428444,-105.881935,104504.0,1.672,1660185797.0
419,,,,,,,,,,,,,,,,66586.0,16.0,-115.44,1.84,14.0,,,,,41.428432,-105.881897,,,1660185797.1
420,,,,,,,,,,,,,,,,66586.0,16.0,-118.17,1.33,8.0,,,,,41.428417,-105.881859,,,1660185797.2
421,,,,,,,,,,,,,,,,66586.0,16.0,-115.96,1.29,9.0,,,,,41.428402,-105.881828,,,1660185797.3
422,,,,,,,,,,,,,,,,66586.0,16.0,-116.64,1.29,11.0,,,,,41.428387,-105.88179,,,1660185797.4
423,,,,,,,,,,,,,,,,66586.0,16.0,-119.96,1.2,8.0,,,,,41.428371,-105.881752,45904.0,0.734,1660185797.5
424,,,,,,,,,,,,,,,,66586.0,16.0,-118.73,1.81,11.0,,,,,41.428356,-105.881714,,,1660185797.6
425,,,,,,,,,,,,,,,,66586.0,16.0,-117.75,1.32,7.07,,,,,41.428341,-105.881676,,,1660185797.7
426,,,,,,,,,,,,,,,,66586.0,16.0,-118.76,1.33,13.0,,,,,41.428322,-105.881638,,,1660185797.8
427,,,,,,,,,,,,,,,,66586.0,16.0,-117.78,0.91,13.0,,,,,41.428307,-105.881599,,,1660185797.9
428,,,,,,,,,,,,,,,0.465,66586.0,16.0,-116.53,1.06,5.0,,,,,41.428291,-105.881561,93028.0,1.488,1660185798.0
429,,,,,,,,,,,,,,,,66586.0,16.0,-116.98,1.34,24.21,,,,,41.428276,-105.881523,,,1660185798.1
430,,,,,,,,,,,,,,,,66586.0,16.0,-117.72,1.03,16.0,,,,,41.428261,-105.881485,,,1660185798.2
431,,,,,,,,,,,,,,,,66586.0,16.0,-118.07,1.7,7.07,,,,,41.428242,-105.881447,,,1660185798.3
432,,,,,,,,,,,,,,,,66586.0,16.0,-117.54,1.34,11.0,,,,,41.428226,-105.881409,,,1660185798.4
433,,,,,,,,,,,,,,,,66586.0,16.0,-116.53,1.4,3.0,,,,,41.428211,-105.881371,18876.0,0.302,1660185798.5
434,,,,,,,,,,,,,,,,66586.0,16.0,-117.02,1.63,15.0,,,,,41.428196,-105.881332,,,1660185798.6
435,,,,,,,,,,,,,,,,66586.0,16.0,-117.07,1.06,4.0,,,,,41.428181,-105.881294,,,1660185798.7
436,,,,,,,,,,,,,,,,66586.0,16.0,-118.21,1.57,12.0,,,,,41.428165,-105.881256,,,1660185798.8
437,,,,,,,,,,,,,,,,66586.0,16.0,-119.33,1.37,10.0,,,,,41.42815,-105.881218,,,1660185798.9
438,,,,,,,,,,,,,,,0.436,66586.0,16.0,-120.63,1.04,16.25,,,,,41.428135,-105.88118,35960.0,0.575,1660185799.0
439,,,,,,,,,,,,,,,,66586.0,16.0,-119.93,1.04,20.2,,,,,41.42812,-105.881142,,,1660185799.1
440,,,,,,,,,,,,,,,,66586.0,16.0,-120.64,0.98,10.0,,,,,41.428104,-105.881104,,,1660185799.2
441,,,,,,,,,,,,,,,,66586.0,16.0,-117.89,1.5,12.0,,,,,41.428089,-105.881065,,,1660185799.3
442,,,,,,,,,,,,,,,,66586.0,16.0,-119.45,1.1,16.85,,,,,41.428074,-105.881027,,,1660185799.4
443,,,,,,,,,,,,,,,,66586.0,16.0,-117.0,1.34,10.13,,,,,41.428059,-105.880989,13112.0,0.21,1660185799.5
444,,,,,,,,,,,,,,,,66586.0,16.0,-115.68,1.14,8.47,,,,,41.428043,-105.880951,,,1660185799.6
445,,,,,,,,,,,,,,,,66586.0,16.0,-113.24,1.83,11.0,,,,,41.428028,-105.880913,,,1660185799.7
446,,,,,,,,,,,,,,,,66586.0,16.0,-112.5,1.75,8.75,,,,,41.428009,-105.880867,,,1660185799.8
447,,,,,,,,,,,,,,,,66586.0,16.0,-112.47,1.44,9.09,,,,,41.427994,-105.880829,,,1660185799.9
448,,,,,,,,,,,,,,,1.995,66586.0,16.0,-110.51,2.01,9.0,,,,,41.427979,-105.880791,37388.0,0.598,1660185800.0
449,,,,,,,,,,,,,,,,66586.0,16.0,-113.02,2.54,7.07,,,,,41.427963,-105.880753,,,1660185800.1
450,,,,,,,,,,,,,,,,66586.0,16.0,-111.86,2.28,10.0,,,,,41.427948,-105.880714,,,1660185800.2
451,,,,,,,,,,,,,,,,66586.0,16.0,-113.11,3.32,10.0,,,,,41.427929,-105.880669,,,1660185800.3
452,,,,,,,,,,,,,,,,66586.0,16.0,-114.38,2.68,10.0,,,,,41.427914,-105.88063,,,1660185800.4
453,,,,,,,,,,,,,,,,66586.0,16.0,-112.9,3.97,6.0,,,,,41.427898,-105.880592,168764.0,2.7,1660185800.5
454,,,,,,,,,,,,,,reportStrongestCells,,,,,,,,,,,41.427895,-105.880585,,,1660185800.517761
455,,,,,,,,,,,,,,,,66586.0,16.0,-113.21,3.8,13.33,,,,,41.427883,-105.880554,,,1660185800.6
456,,,,,,,,,,,,,,,,66586.0,16.0,-114.65,3.12,9.64,,,,,41.427868,-105.880516,,,1660185800.7
457,,,,,,,,,,,,,,,,66586.0,16.0,-113.65,3.67,7.0,,,,,41.427849,-105.880478,,,1660185800.8
458,,,,,,,,,,,,,,,,66586.0,16.0,-115.77,3.64,5.0,,,,,41.427834,-105.88044,,,1660185800.9
459,,,,,,,,,,,,,,,1.896,66586.0,16.0,-115.51,4.13,18.0,,,,,41.427818,-105.880402,225884.0,3.614,1660185801.0
460,,,,,,,,,,,,,,,,66586.0,16.0,-114.9,2.47,5.0,,,,,41.427803,-105.880363,,,1660185801.1
461,,,,,,,,,,,,,,,,66586.0,16.0,-117.8,2.86,10.0,,,,,41.427788,-105.880325,,,1660185801.2
462,,,,,,,,,,,,,,,,66586.0,16.0,-117.59,3.21,8.75,,,,,41.427769,-105.880287,,,1660185801.3
463,,,,,,,,,,,,,,,,66586.0,16.0,-117.48,3.4,9.0,,,,,41.427753,-105.880249,,,1660185801.4
464,,,,,,,,,,,,,,,,66586.0,16.0,-120.06,3.17,10.1,,,,,41.427738,-105.880211,370112.0,5.922,1660185801.5
465,,,,,,,,,,,,,,,,66586.0,16.0,-120.49,2.66,9.0,,,,,41.427723,-105.880173,,,1660185801.6
466,,,,,,,,,,,,,,,,66586.0,16.0,-118.19,2.48,7.0,,,,,41.427708,-105.880135,,,1660185801.7
467,,,,,,,,,,,,,,,,66586.0,16.0,-117.69,2.66,10.0,,,,,41.427692,-105.880096,,,1660185801.8
468,,,,,,,,,,,,,,,,66586.0,16.0,-117.12,2.3,9.0,,,,,41.427677,-105.880058,,,1660185801.9
469,,,,,,,,,,,,,,,2.039,66586.0,16.0,-114.26,2.24,9.71,,,,,41.427666,-105.88002,125924.0,2.015,1660185802.0
470,,,,,,,,,,,,,,,,66586.0,16.0,-113.67,2.65,8.0,,,,,41.42765,-105.87999,,,1660185802.1
471,,,,,,,,,,,,,,,,66586.0,16.0,-114.97,3.05,10.0,,,,,41.427635,-105.879951,,,1660185802.2
472,,,,,,,,,,,,,,,,66586.0,16.0,-113.34,3.15,11.0,,,,,41.42762,-105.879913,,,1660185802.3
473,,,,,,,,,,,,,,,,66586.0,16.0,-112.19,2.75,6.0,,,,,41.427605,-105.879875,,,1660185802.4
474,,,,,,,,,,,,,,,,66586.0,16.0,-112.96,3.9,12.0,,,,,41.427589,-105.879837,153056.0,2.449,1660185802.5
475,,,,,,,,,,,,,,,,66586.0,16.0,-113.53,3.22,7.0,,,,,41.427574,-105.879799,,,1660185802.6
476,,,,,,,,,,,,,,,,66586.0,16.0,-113.64,3.18,10.0,,,,,41.427555,-105.879761,,,1660185802.7
477,,,,,,,,,,,,,,,,66586.0,16.0,-110.95,2.48,12.12,,,,,41.42754,-105.879723,,,1660185802.8
478,,,,,,,,,,,,,,,,66586.0,16.0,-111.93,2.24,7.0,,,,,41.427521,-105.879684,,,1660185802.9
479,,,,,,,,,,,,,,,2.513,66586.0,16.0,-110.95,2.46,13.0,,,,,41.427505,-105.879639,50240.0,0.804,1660185803.0
480,,,,,,,,,,,,,,,,66586.0,16.0,-111.26,2.43,4.0,,,,,41.42749,-105.879601,,,1660185803.1
481,,,,,,,,,,,,,,,,66586.0,16.0,-110.05,2.58,10.1,,,,,41.427471,-105.879562,,,1660185803.2
482,,,,,,,,,,,,,,,,66586.0,16.0,-111.12,3.04,8.51,,,,,41.427456,-105.879524,,,1660185803.3
483,,,,,,,,,,,,,,,,66586.0,16.0,-109.01,3.94,8.0,,,,,41.427437,-105.879486,,,1660185803.4
484,,,,,,,,,,,,,,,,66586.0,16.0,-108.49,3.15,8.0,,,,,41.427422,-105.879448,133064.0,2.129,1660185803.5
485,,,,,,,,,,,,,,,,66586.0,16.0,-108.53,3.29,12.12,,,,,41.427406,-105.87941,,,1660185803.6
486,,,,,,,,,,,,,,,,66586.0,16.0,-108.66,3.07,5.0,,,,,41.427395,-105.879379,,,1660185803.7
487,,,,,,,,,,,,,,,,66586.0,16.0,-109.65,3.58,11.0,,,,,41.42738,-105.879341,,,1660185803.8
488,,,,,,,,,,,,,,,,66586.0,16.0,-107.22,3.71,8.08,,,,,41.427364,-105.879311,,,1660185803.9
489,,,,,,,,,,,,,,,3.564,66586.0,16.0,-106.8,3.87,9.0,,,,,41.427353,-105.879272,281576.0,4.496,1660185804.0
490,,,,,,,,,,,,,,,,66586.0,16.0,-110.05,4.18,11.0,,,,,41.427338,-105.879242,,,1660185804.1
491,,,,,,,,,,,,,,,,66586.0,16.0,-110.26,3.9,8.0,,,,,41.427326,-105.879204,,,1660185804.2
492,,,,,,,,,,,,,,,,66586.0,16.0,-107.25,4.1,11.0,,,,,41.427311,-105.879173,,,1660185804.3
493,,,,,,,,,,,,,,,,66586.0,16.0,-107.44,3.76,9.0,,,,,41.427296,-105.879135,,,1660185804.4
494,,,,,,,,,,,,,,,,66586.0,16.0,-110.76,3.68,9.0,,,,,41.427284,-105.879105,324416.0,5.201,1660185804.5
495,,,,,,,,,,,,,,,,66586.0,16.0,-113.3,4.01,10.2,,,,,41.427269,-105.879066,,,1660185804.6
496,,,,,,,,,,,,,,,,66586.0,16.0,-111.13,4.29,7.0,,,,,41.427254,-105.879028,,,1660185804.7
497,,,,,,,,,,,,,,,,66586.0,16.0,-108.0,5.34,10.0,,,,,41.427238,-105.87899,,,1660185804.8
498,,,,,,,,,,,,,,,,66586.0,16.0,-107.8,4.92,10.0,,,,,41.427219,-105.878952,,,1660185804.9
499,,,,,,,,,,,,,,,4.395,66586.0,16.0,-111.21,4.47,6.0,,,,,41.427204,-105.878914,235880.0,3.774,1660185805.0
500,,,,,,,,,,,,,,,,66586.0,16.0,-114.99,4.26,10.1,,,,,41.427189,-105.878876,,,1660185805.1
501,,,,,,,,,,,,,,,,66586.0,16.0,-114.53,5.77,11.0,,,,,41.427174,-105.878845,,,1660185805.2
502,,,,,,,,,,,,,,,,66586.0,16.0,-111.94,6.3,7.0,,,,,41.427158,-105.878807,,,1660185805.3
503,,,,,,,,,,,,,,,,66586.0,16.0,-110.81,6.17,7.0,,,,,41.427139,-105.878769,,,1660185805.4
504,,,,,,,,,,,,,,,,66586.0,16.0,-110.94,5.63,14.29,,,,,41.427124,-105.878731,267296.0,4.277,1660185805.5
505,,,,,,,,,,,,,,,,66586.0,16.0,-113.26,5.15,6.0,,,,,41.427109,-105.878693,,,1660185805.6
506,,,,,,,,,,,,,,reportStrongestCells,,,,,,,,,,,41.427101,-105.878677,,,1660185805.639085
507,,,,,,,,,,,,,,,,66586.0,16.0,-115.18,4.15,8.0,,,,,41.427094,-105.878654,,,1660185805.7
508,,,,,,,,,,,,,,,,66586.0,16.0,-113.47,4.12,10.0,,,,,41.427078,-105.878616,,,1660185805.8
509,,,,,,,,,,,,,,,,66586.0,16.0,-112.04,3.43,10.87,,,,,41.427063,-105.878586,,,1660185805.9
510,,,,,,,,,,,,,,,2.312,66586.0,16.0,-107.54,2.87,7.0,,,,,41.427048,-105.878548,277292.0,4.437,1660185806.0
511,,,,,,,,,,,,,,,,66586.0,16.0,-106.87,2.69,13.0,,,,,41.427032,-105.87851,,,1660185806.1
512,,,,,,,,,,,,,,,,66586.0,16.0,-107.65,1.84,8.0,,,,,41.427021,-105.878471,,,1660185806.2
513,,,,,,,,,,,,,,,,66586.0,16.0,-110.26,3.33,7.0,,,,,41.427006,-105.878433,,,1660185806.3
514,,,,,,,,,,,,,,,,66586.0,16.0,-111.4,3.19,11.0,,,,,41.426991,-105.878403,,,1660185806.4
515,,,,,,,,,,,,,,,,66586.0,16.0,-112.53,4.43,5.0,,,,,41.426975,-105.878365,101648.0,1.626,1660185806.5
516,,,,,,,,,,,,,,,,66586.0,16.0,-112.23,4.26,11.0,,,,,41.42696,-105.878326,,,1660185806.6
517,,,,,,,,,,,,,,,,66586.0,16.0,-110.37,4.06,14.0,,,,,41.426941,-105.878288,,,1660185806.7
518,,,,,,,,,,,,,,,,66586.0,16.0,-111.27,2.52,10.0,,,,,41.426926,-105.878242,,,1660185806.8
519,,,,,,,,,,,,,,,,66586.0,16.0,-110.59,2.74,6.0,,,,,41.426907,-105.878204,,,1660185806.9
520,,,,,,,,,,,,,,,3.939,66586.0,16.0,-109.37,4.41,9.0,,,,,41.426888,-105.878159,188040.0,3.003,1660185807.0
521,,,,,,,,,,,,,,,,66586.0,16.0,-107.92,4.17,10.0,,,,,41.426872,-105.87812,,,1660185807.1
522,,,,,,,,,,,,,,,,66586.0,16.0,-107.55,4.75,4.63,,,,,41.426853,-105.878075,,,1660185807.2
523,,,,,,,,,,,,,,,,66586.0,16.0,-107.68,5.5,10.0,,,,,41.426834,-105.878036,,,1660185807.3
524,,,,,,,,,,,,,,,,66586.0,16.0,-107.28,5.49,11.0,,,,,41.426819,-105.877991,,,1660185807.4
525,,,,,,,,,,,,,,,,66586.0,16.0,-107.83,4.18,11.0,,,,,41.4268,-105.877953,235164.0,3.77,1660185807.5
526,,,,,,,,,,,,,,,,66586.0,16.0,-107.13,4.74,7.0,,,,,41.426785,-105.877914,,,1660185807.6
527,,,,,,,,,,,,,,,,66586.0,16.0,-106.61,4.7,13.0,,,,,41.426769,-105.877876,,,1660185807.7
528,,,,,,,,,,,,,,,,66586.0,16.0,-105.4,4.91,8.0,,,,,41.426758,-105.877846,,,1660185807.8
529,,,,,,,,,,,,,,,,66586.0,16.0,-105.83,4.29,7.0,,,,,41.426743,-105.877808,,,1660185807.9
530,,,,,,,,,,,,,,,5.209,66586.0,16.0,-105.63,4.83,13.75,,,,,41.426727,-105.877769,101364.0,1.619,1660185808.0
531,,,,,,,,,,,,,,,,66586.0,16.0,-105.34,5.74,6.67,,,,,41.426712,-105.877731,,,1660185808.1
532,,,,,,,,,,,,,,,,66586.0,16.0,-105.16,5.45,9.0,,,,,41.426697,-105.877693,,,1660185808.2
533,,,,,,,,,,,,,,,,66586.0,16.0,-106.68,5.37,8.0,,,,,41.426682,-105.877655,,,1660185808.3
534,,,,,,,,,,,,,,,,66586.0,16.0,-105.89,6.7,11.25,,,,,41.42667,-105.877625,,,1660185808.4
535,,,,,,,,,,,,,,,,66586.0,16.0,-104.33,6.59,9.01,,,,,41.426655,-105.877586,422555.0,6.774,1660185808.5
536,,,,,,,,,,,,,,,,66586.0,16.0,-103.72,7.16,9.09,,,,,41.42664,-105.877548,,,1660185808.6
537,,,,,,,,,,,,,,,,66586.0,16.0,-103.82,6.48,6.0,,,,,41.426624,-105.87751,,,1660185808.7
538,,,,,,,,,,,,,,,,66586.0,16.0,-104.1,7.47,10.0,,,,,41.426609,-105.877472,,,1660185808.8
539,,,,,,,,,,,,,,,,66586.0,16.0,-103.56,6.76,15.0,,,,,41.426594,-105.877441,,,1660185808.9
540,,,,,,,,,,,,,,,5.369,66586.0,16.0,-104.51,5.79,4.0,,,,,41.426579,-105.877403,361235.0,5.78,1660185809.0
541,,,,,,,,,,,,,,,,66586.0,16.0,-104.1,6.64,13.13,,,,,41.426567,-105.877365,,,1660185809.1
542,,,,,,,,,,,,,,,,66586.0,16.0,-103.73,4.9,5.0,,,,,41.426552,-105.877327,,,1660185809.2
543,,,,,,,,,,,,,,,,66586.0,16.0,-103.81,6.17,10.0,,,,,41.426537,-105.877289,,,1660185809.3
544,,,,,,,,,,,,,,,,66586.0,16.0,-103.96,6.32,9.0,,,,,41.426521,-105.877258,,,1660185809.4
545,,,,,,,,,,,,,,,,66586.0,16.0,-103.61,6.53,8.0,,,,,41.426506,-105.87722,354404.0,5.67,1660185809.5
546,,,,,,,,,,,,,,,,66586.0,16.0,-103.68,6.84,12.0,,,,,41.426491,-105.877182,,,1660185809.6
547,,,,,,,,,,,,,,,,66586.0,16.0,-103.65,6.17,5.0,,,,,41.426476,-105.877144,,,1660185809.7
548,,,,,,,,,,,,,,,,66586.0,16.0,-103.63,6.95,10.87,,,,,41.42646,-105.877106,,,1660185809.8
549,,,,,,,,,,,,,,,,66586.0,16.0,-103.42,7.78,10.1,,,,,41.426441,-105.877068,,,1660185809.9
550,,,,,,,,,,,,,,,7.201,66586.0,16.0,-103.17,8.6,10.0,,,,,41.426426,-105.877029,329673.0,5.275,1660185810.0
551,,,,,,,,,,,,,,,,66586.0,16.0,-103.3,7.6,7.0,,,,,41.426411,-105.876991,,,1660185810.1
552,,,,,,,,,,,,,,,,66586.0,16.0,-103.16,8.49,8.0,,,,,41.426395,-105.876953,,,1660185810.2
553,,,,,,,,,,,,,,,,66586.0,16.0,-102.77,9.92,9.0,,,,,41.42638,-105.876915,,,1660185810.3
554,,,,,,,,,,,,,,,,66586.0,16.0,-102.72,10.09,9.0,,,,,41.426361,-105.876877,,,1660185810.4
555,,,,,,,,,,,,,,,,66586.0,16.0,-102.08,10.07,10.0,,,,,41.426346,-105.876839,401528.0,6.424,1660185810.5
556,,,,,,,,,,,,,,,,66586.0,16.0,-101.89,11.2,8.0,,,,,41.426331,-105.876801,,,1660185810.6
557,,,,,,,,,,,,,,,,66586.0,16.0,-101.87,10.4,9.0,,,,,41.426315,-105.876762,,,1660185810.7
558,,,,,,,,,,,,,,reportStrongestCells,,,,,,,,,,,41.426304,-105.87674,,,1660185810.759261
559,,,,,,,,,,,,,,,,66586.0,16.0,-102.43,11.51,10.0,,,,,41.4263,-105.876724,,,1660185810.8
560,,,,,,,,,,,,,,,,66586.0,16.0,-103.18,10.74,10.0,,,,,41.426281,-105.876686,,,1660185810.9
561,,,,,,,,,,,,,,,8.135,66586.0,16.0,-102.83,8.58,8.0,,,,,41.426266,-105.876648,507344.0,8.118,1660185811.0
562,,,,,,,,,,,,,,,,66586.0,16.0,-102.67,11.45,8.33,,,,,41.42625,-105.876602,,,1660185811.1
563,,,,,,,,,,,,,,,,66586.0,16.0,-103.35,10.74,8.0,,,,,41.426235,-105.876564,,,1660185811.2
564,,,,,,,,,,,,,,,,66586.0,16.0,-103.35,10.46,12.12,,,,,41.42622,-105.876526,,,1660185811.3
565,,,,,,,,,,,,,,,,66586.0,16.0,-103.42,13.23,7.0,,,,,41.426201,-105.876488,,,1660185811.4
566,,,,,,,,,,,,,,,,66586.0,16.0,-103.75,11.93,14.0,,,,,41.426186,-105.87645,480068.0,7.681,1660185811.5
567,,,,,,,,,,,,,,,,66586.0,16.0,-103.52,11.52,6.0,,,,,41.42617,-105.876411,,,1660185811.6
568,,,,,,,,,,,,,,,,66586.0,16.0,-101.8,11.95,10.0,,,,,41.426155,-105.876373,,,1660185811.7
569,,,,,,,,,,,,,,,,66586.0,16.0,-103.6,12.59,8.0,,,,,41.42614,-105.876335,,,1660185811.8
570,,,,,,,,,,,,,,,,66586.0,16.0,-103.56,14.09,8.0,,,,,41.426121,-105.876297,,,1660185811.9
571,,,,,,,,,,,,,,,8.63,66586.0,16.0,-102.67,13.03,12.0,,,,,41.426105,-105.876259,530048.0,8.481,1660185812.0
572,,,,,,,,,,,,,,,,66586.0,16.0,-102.26,13.19,8.0,,,,,41.42609,-105.876221,,,1660185812.1
573,,,,,,,,,,,,,,,,66586.0,16.0,-102.96,13.5,8.75,,,,,41.426075,-105.87619,,,1660185812.2
574,,,,,,,,,,,,,,,,66586.0,16.0,-103.22,13.36,9.17,,,,,41.42606,-105.876152,,,1660185812.3
575,,,,,,,,,,,,,,,,66586.0,16.0,-102.65,14.23,9.38,,,,,41.426041,-105.876114,,,1660185812.4
576,,,,,,,,,,,,,,,,66586.0,16.0,-102.54,14.26,7.0,,,,,41.426025,-105.876076,555752.0,8.892,1660185812.5
577,,,,,,,,,,,,,,,,66586.0,16.0,-102.99,15.05,10.0,,,,,41.42601,-105.876038,,,1660185812.6
578,,,,,,,,,,,,,,,,66586.0,16.0,-102.61,14.62,11.0,,,,,41.425995,-105.875999,,,1660185812.7
579,,,,,,,,,,,,,,,,66586.0,16.0,-102.58,14.76,7.07,,,,,41.42598,-105.875961,,,1660185812.8
580,,,,,,,,,,,,,,,,66586.0,16.0,-101.78,13.5,10.0,,,,,41.425964,-105.875931,,,1660185812.9
581,,,,,,,,,,,,,,,9.14,66586.0,16.0,-100.06,14.42,9.0,,,,,41.425949,-105.875893,504344.0,8.07,1660185813.0
582,,,,,,,,,,,,,,,,66586.0,16.0,-99.25,14.38,9.0,,,,,41.425934,-105.875854,,,1660185813.1
583,,,,,,,,,,,,,,,,66586.0,16.0,-99.93,12.92,9.18,,,,,41.425922,-105.875816,,,1660185813.2
584,,,,,,,,,,,,,,,,66586.0,16.0,-101.84,13.46,8.08,,,,,41.425907,-105.875778,,,1660185813.3
585,,,,,,,,,,,,,,,,66586.0,16.0,-102.26,14.54,11.0,,,,,41.425892,-105.875748,,,1660185813.4
586,,,,,,,,,,,,,,,,66586.0,16.0,-101.61,13.96,9.0,,,,,41.425877,-105.87571,612872.0,9.806,1660185813.5
587,,,,,,,,,,,,,,,,66586.0,16.0,-101.51,14.54,9.09,,,,,41.425861,-105.875671,,,1660185813.6
588,,,,,,,,,,,,,,,,66586.0,16.0,-101.38,15.51,7.53,,,,,41.425846,-105.875633,,,1660185813.7
589,,,,,,,,,,,,,,,,66586.0,16.0,-101.39,14.95,9.0,,,,,41.425831,-105.875595,,,1660185813.8
590,,,,,,,,,,,,,,,,66586.0,16.0,-101.85,13.94,10.0,,,,,41.425812,-105.875557,,,1660185813.9
591,,,,,,,,,,,,,,,9.425,66586.0,16.0,-100.56,15.43,10.0,,,,,41.425797,-105.875519,545756.0,8.715,1660185814.0
592,,,,,,,,,,,,,,,,66586.0,16.0,-100.88,13.88,8.0,,,,,41.425781,-105.875481,,,1660185814.1
593,,,,,,,,,,,,,,,,66586.0,16.0,-100.53,13.39,12.0,,,,,41.425766,-105.875443,,,1660185814.2
594,,,,,,,,,,,,,,,,66586.0,16.0,-100.53,13.69,6.0,,,,,41.425751,-105.875404,,,1660185814.3
595,,,,,,,,,,,,,,,,66586.0,16.0,-100.71,12.38,10.0,,,,,41.425732,-105.875366,,,1660185814.4
596,,,,,,,,,,,,,,,,66586.0,16.0,-100.63,13.27,11.11,,,,,41.425716,-105.875328,588596.0,9.436,1660185814.5
597,,,,,,,,,,,,,,,,66586.0,16.0,-100.38,13.62,7.0,,,,,41.425701,-105.87529,,,1660185814.6
598,,,,,,,,,,,,,,,,66586.0,16.0,-100.26,13.39,8.0,,,,,41.425686,-105.875252,,,1660185814.7
599,,,,,,,,,,,,,,,,66586.0,16.0,-100.8,13.48,7.0,,,,,41.425671,-105.875214,,,1660185814.8
600,,,,,,,,,,,,,,,,66586.0,16.0,-100.83,16.13,12.0,,,,,41.425655,-105.875175,,,1660185814.9
601,,,,,,,,,,,,,,,10.342,66586.0,16.0,-100.71,13.16,8.33,,,,,41.42564,-105.875137,574316.0,9.189,1660185815.0
602,,,,,,,,,,,,,,,,66586.0,16.0,-100.31,13.22,8.0,,,,,41.425625,-105.875099,,,1660185815.1
603,,,,,,,,,,,,,,,,66586.0,16.0,-100.58,12.94,9.0,,,,,41.42561,-105.875061,,,1660185815.2
604,,,,,,,,,,,,,,,,66586.0,16.0,-101.02,12.8,10.0,,,,,41.425594,-105.875023,,,1660185815.3
605,,,,,,,,,,,,,,,,66586.0,16.0,-100.49,13.57,9.09,,,,,41.425579,-105.874985,,,1660185815.4
606,,,,,,,,,,,,,,,,66586.0,16.0,-101.95,13.52,10.0,,,,,41.425564,-105.874947,682844.0,10.926,1660185815.5
607,,,,,,,,,,,,,,,,66586.0,16.0,-101.38,13.28,10.0,,,,,41.425549,-105.874908,,,1660185815.6
608,,,,,,,,,,,,,,,,66586.0,16.0,-100.87,12.96,9.09,,,,,41.425533,-105.87487,,,1660185815.7
609,,,,,,,,,,,,,,,,66586.0,16.0,-100.97,13.52,11.22,,,,,41.425518,-105.874832,,,1660185815.8
610,,,,,,,,,,,,,,reportStrongestCells,,,,,,,,,,,41.425503,-105.874802,,,1660185815.88066
611,,,,,,,,,,,,,,,,66586.0,16.0,-100.63,11.82,9.0,,,,,41.425499,-105.874794,,,1660185815.9
612,,,,,,,,,,,,,,,9.548,66586.0,16.0,-100.31,11.56,8.0,,,,,41.425484,-105.874756,614300.0,9.829,1660185816.0
613,,,,,,,,,,,,,,,,66586.0,16.0,-100.36,11.63,8.0,,,,,41.425468,-105.87471,,,1660185816.1
614,,,,,,,,,,,,,,,,66586.0,16.0,-100.49,12.86,7.0,,,,,41.425453,-105.874672,,,1660185816.2
615,,,,,,,,,,,,,,,,66586.0,16.0,-100.67,12.61,9.38,,,,,41.425438,-105.874634,,,1660185816.3
616,,,,,,,,,,,,,,,,66586.0,16.0,-100.72,12.75,11.11,,,,,41.425419,-105.874596,,,1660185816.4
617,,,,,,,,,,,,,,,,66586.0,16.0,-100.8,13.43,10.26,,,,,41.425404,-105.874557,594308.0,9.509,1660185816.5
618,,,,,,,,,,,,,,,,66586.0,16.0,-100.97,13.8,7.14,,,,,41.425388,-105.874519,,,1660185816.6
619,,,,,,,,,,,,,,,,66586.0,16.0,-99.22,12.39,12.82,,,,,41.425373,-105.874481,,,1660185816.7
620,,,,,,,,,,,,,,,,66586.0,16.0,-101.76,10.72,5.0,,,,,41.425358,-105.874443,,,1660185816.8
621,,,,,,,,,,,,,,,,66586.0,16.0,-101.9,11.42,10.0,,,,,41.425339,-105.874405,,,1660185816.9
622,,,,,,,,,,,,,,,7.194,66586.0,16.0,-100.8,12.83,7.07,,,,,41.425323,-105.874367,571162.0,9.139,1660185817.0
623,,,,,,,,,,,,,,,,66586.0,16.0,-100.29,12.05,9.18,,,,,41.425308,-105.874329,,,1660185817.1
624,,,,,,,,,,,,,,,,66586.0,16.0,-101.24,12.23,11.11,,,,,41.425293,-105.874283,,,1660185817.2
625,,,,,,,,,,,,,,,,66586.0,16.0,-101.65,12.4,7.0,,,,,41.425278,-105.874245,,,1660185817.3
626,,,,,,,,,,,,,,,,66586.0,16.0,-101.11,11.74,12.0,,,,,41.425259,-105.874207,,,1660185817.4
627,,,,,,,,,,,,,,,,66586.0,16.0,-100.74,11.66,6.0,,,,,41.425243,-105.874168,464576.0,7.433,1660185817.5
628,,,,,,,,,,,,,,,,66586.0,16.0,-100.23,12.66,9.57,,,,,41.425228,-105.87413,,,1660185817.6
629,,,,,,,,,,,,,,,,66586.0,16.0,-99.28,12.61,6.06,,,,,41.425213,-105.874092,,,1660185817.7
630,,,,,,,,,,,,,,,,66586.0,16.0,-100.35,10.13,14.0,,,,,41.425198,-105.874062,,,1660185817.8
631,,,,,,,,,,,,,,,,66586.0,16.0,-100.77,10.29,7.5,,,,,41.425182,-105.874023,,,1660185817.9
632,,,,,,,,,,,,,,,5.526,66586.0,16.0,-100.67,9.71,10.92,,,,,41.425167,-105.873985,390104.0,6.242,1660185818.0
633,,,,,,,,,,,,,,,,66586.0,16.0,-101.91,8.97,6.06,,,,,41.425156,-105.873947,,,1660185818.1
634,,,,,,,,,,,,,,,,66586.0,16.0,-101.58,9.35,11.11,,,,,41.42514,-105.873917,,,1660185818.2
635,,,,,,,,,,,,,,,,66586.0,16.0,-101.73,9.65,6.0,,,,,41.425125,-105.873878,,,1660185818.3
636,,,,,,,,,,,,,,,,66586.0,16.0,-101.39,10.32,10.0,,,,,41.42511,-105.87384,,,1660185818.4
637,,,,,,,,,,,,,,,,66586.0,16.0,-101.4,11.16,9.0,,,,,41.425095,-105.87381,365828.0,5.853,1660185818.5
638,,,,,,,,,,,,,,,,66586.0,16.0,-101.81,10.38,10.0,,,,,41.425079,-105.873772,,,1660185818.6
639,,,,,,,,,,,,,,,,66586.0,16.0,-101.55,11.06,8.08,,,,,41.425064,-105.873734,,,1660185818.7
640,,,,,,,,,,,,,,,,66586.0,16.0,-102.01,9.98,9.0,,,,,41.425049,-105.873688,,,1660185818.8
641,,,,,,,,,,,,,,,,66586.0,16.0,-101.48,9.56,9.62,,,,,41.42503,-105.87365,,,1660185818.9
642,,,,,,,,,,,,,,,7.942,66586.0,16.0,-101.36,9.76,8.0,,,,,41.425014,-105.873611,355832.0,5.693,1660185819.0
643,,,,,,,,,,,,,,,,66586.0,16.0,-101.38,10.05,8.08,,,,,41.424999,-105.873566,,,1660185819.1
644,,,,,,,,,,,,,,,,66586.0,16.0,-99.87,11.29,10.1,,,,,41.424984,-105.873528,,,1660185819.2
645,,,,,,,,,,,,,,,,66586.0,16.0,-100.49,10.29,12.0,,,,,41.424969,-105.873489,,,1660185819.3
646,,,,,,,,,,,,,,,,66586.0,16.0,-99.72,10.06,8.0,,,,,41.42495,-105.873451,,,1660185819.4
647,,,,,,,,,,,,,,,,66586.0,16.0,-101.13,9.62,11.0,,,,,41.424934,-105.873405,404384.0,6.47,1660185819.5
648,,,,,,,,,,,,,,,,66586.0,16.0,-100.13,8.91,8.75,,,,,41.424919,-105.873367,,,1660185819.6
649,,,,,,,,,,,,,,,,66586.0,16.0,-99.94,10.2,5.93,,,,,41.424904,-105.873329,,,1660185819.7
650,,,,,,,,,,,,,,,,66586.0,16.0,-100.45,10.67,12.0,,,,,41.424889,-105.873291,,,1660185819.8
651,,,,,,,,,,,,,,,,66586.0,16.0,-101.26,9.77,6.49,,,,,41.42487,-105.873253,,,1660185819.9
652,,,,,,,,,,,,,,,8.199,66586.0,16.0,-101.88,10.14,10.0,,,,,41.424854,-105.873215,545756.0,8.732,1660185820.0
653,,,,,,,,,,,,,,,,66586.0,16.0,-102.13,9.31,8.0,,,,,41.424839,-105.873184,,,1660185820.1
654,,,,,,,,,,,,,,,,66586.0,16.0,-99.97,9.69,6.8,,,,,41.424824,-105.873146,,,1660185820.2
655,,,,,,,,,,,,,,,,66586.0,16.0,-101.65,8.53,12.0,,,,,41.424809,-105.873108,,,1660185820.3
656,,,,,,,,,,,,,,,,66586.0,16.0,-101.79,9.29,13.0,,,,,41.424789,-105.87307,,,1660185820.4
657,,,,,,,,,,,,,,,,66586.0,16.0,-101.64,9.26,8.0,,,,,41.424774,-105.873032,524336.0,8.389,1660185820.5
658,,,,,,,,,,,,,,,,66586.0,16.0,-101.17,9.66,8.0,,,,,41.424759,-105.872993,,,1660185820.6
659,,,,,,,,,,,,,,,,66586.0,16.0,-101.28,10.57,10.0,,,,,41.424744,-105.872955,,,1660185820.7
660,,,,,,,,,,,,,,,,66586.0,16.0,-101.69,9.76,8.16,,,,,41.424728,-105.872917,,,1660185820.8
661,,,,,,,,,,,,,,,,66586.0,16.0,-101.13,10.68,7.0,,,,,41.424713,-105.872879,,,1660185820.9
662,,,,,,,,,,,,,,reportStrongestCells,,,,,,,,,,,41.424698,-105.872841,,,1660185820.999181
663,,,,,,,,,,,,,,,8.636,66586.0,16.0,-101.46,10.15,9.0,,,,,41.424698,-105.872841,532904.0,8.526,1660185821.0
664,,,,,,,,,,,,,,,,66586.0,16.0,-101.72,10.37,13.75,,,,,41.424683,-105.872803,,,1660185821.1
665,,,,,,,,,,,,,,,,66586.0,16.0,-101.37,10.64,5.83,,,,,41.424671,-105.872765,,,1660185821.2
666,,,,,,,,,,,,,,,,66586.0,16.0,-101.76,9.83,11.25,,,,,41.424656,-105.872726,,,1660185821.3
667,,,,,,,,,,,,,,,,66586.0,16.0,-101.35,10.9,8.4,,,,,41.424641,-105.872688,,,1660185821.4
668,,,,,,,,,,,,,,,,66586.0,16.0,-100.74,10.83,9.89,,,,,41.424625,-105.87265,498632.0,7.978,1660185821.5
669,,,,,,,,,,,,,,,,66586.0,16.0,-100.74,10.9,7.14,,,,,41.42461,-105.872612,,,1660185821.6
670,,,,,,,,,,,,,,,,66586.0,16.0,-100.96,9.95,8.25,,,,,41.424595,-105.872574,,,1660185821.7
671,,,,,,,,,,,,,,,,66586.0,16.0,-100.91,9.6,12.0,,,,,41.42458,-105.872536,,,1660185821.8
672,,,,,,,,,,,,,,,,66586.0,16.0,-100.86,9.33,8.16,,,,,41.424564,-105.872498,,,1660185821.9
673,,,,,,,,,,,,,,,6.911,66586.0,16.0,-100.29,9.35,9.09,,,,,41.424549,-105.872459,537188.0,8.595,1660185822.0
674,,,,,,,,,,,,,,,,66586.0,16.0,-101.48,8.71,7.0,,,,,41.424538,-105.872421,,,1660185822.1
675,,,,,,,,,,,,,,,,66586.0,16.0,-101.61,8.43,12.5,,,,,41.424522,-105.872391,,,1660185822.2
676,,,,,,,,,,,,,,,,66586.0,16.0,-101.45,8.2,8.33,,,,,41.424507,-105.872353,,,1660185822.3
677,,,,,,,,,,,,,,,,66586.0,16.0,-101.39,8.29,10.1,,,,,41.424492,-105.872314,,,1660185822.4
678,,,,,,,,,,,,,,,,66586.0,16.0,-101.02,8.51,10.0,,,,,41.424477,-105.872276,474356.0,7.575,1660185822.5
679,,,,,,,,,,,,,,,,66586.0,16.0,-100.52,9.08,3.8,,,,,41.424461,-105.872238,,,1660185822.6
680,,,,,,,,,,,,,,,,66586.0,16.0,-101.44,9.07,10.0,,,,,41.424446,-105.8722,,,1660185822.7
681,,,,,,,,,,,,,,,,66586.0,16.0,-101.21,7.7,12.5,,,,,41.424431,-105.872162,,,1660185822.8
682,,,,,,,,,,,,,,,,66586.0,16.0,-101.06,6.51,7.07,,,,,41.424412,-105.872124,,,1660185822.9
683,,,,,,,,,,,,,,,6.129,66586.0,16.0,-101.32,6.08,9.0,,,,,41.424397,-105.872086,402956.0,6.46,1660185823.0
684,,,,,,,,,,,,,,,,66586.0,16.0,-101.64,6.76,12.0,,,,,41.424381,-105.872047,,,1660185823.1
685,,,,,,,,,,,,,,,,66586.0,16.0,-101.6,6.09,7.0,,,,,41.424366,-105.872009,,,1660185823.2
686,,,,,,,,,,,,,,,,66586.0,16.0,-101.64,8.08,11.0,,,,,41.424351,-105.871971,,,1660185823.3
687,,,,,,,,,,,,,,,,66586.0,16.0,-101.59,7.26,6.0,,,,,41.424332,-105.871933,,,1660185823.4
688,,,,,,,,,,,,,,,,66586.0,16.0,-101.78,8.45,10.0,,,,,41.424316,-105.871895,334412.0,5.351,1660185823.5
689,,,,,,,,,,,,,,,,66586.0,16.0,-101.58,8.51,8.0,,,,,41.424301,-105.871857,,,1660185823.6
690,,,,,,,,,,,,,,,,66586.0,16.0,-102.15,9.01,9.0,,,,,41.424286,-105.871819,,,1660185823.7
691,,,,,,,,,,,,,,,,66586.0,16.0,-102.83,9.01,9.0,,,,,41.424271,-105.87178,,,1660185823.8
692,,,,,,,,,,,,,,,,66586.0,16.0,-102.86,9.74,13.0,,,,,41.424252,-105.871742,,,1660185823.9
693,,,,,,,,,,,,,,,5.966,66586.0,16.0,-102.35,8.8,7.5,,,,,41.424236,-105.871704,415808.0,6.653,1660185824.0
694,,,,,,,,,,,,,,,,66586.0,16.0,-101.68,8.03,6.14,,,,,41.424221,-105.871658,,,1660185824.1
695,,,,,,,,,,,,,,,,66586.0,16.0,-101.43,7.85,12.0,,,,,41.424206,-105.87162,,,1660185824.2
696,,,,,,,,,,,,,,,,66586.0,16.0,-101.48,8.89,7.5,,,,,41.424191,-105.871582,,,1660185824.3
697,,,,,,,,,,,,,,,,66586.0,16.0,-101.5,7.46,8.33,,,,,41.424171,-105.871544,,,1660185824.4
698,,,,,,,,,,,,,,,,66586.0,16.0,-101.97,7.8,10.0,,,,,41.424156,-105.871506,374396.0,5.978,1660185824.5
699,,,,,,,,,,,,,,,,66586.0,16.0,-102.13,8.02,8.75,,,,,41.424141,-105.871468,,,1660185824.6
700,,,,,,,,,,,,,,,,66586.0,16.0,-102.37,7.16,10.0,,,,,41.424126,-105.871429,,,1660185824.7
701,,,,,,,,,,,,,,,,66586.0,16.0,-101.97,7.84,9.0,,,,,41.42411,-105.871391,,,1660185824.8
702,,,,,,,,,,,,,,,,66586.0,16.0,-101.52,7.65,11.0,,,,,41.424095,-105.871361,,,1660185824.9
703,,,,,,,,,,,,,,,5.281,66586.0,16.0,-101.26,6.75,8.0,,,,,41.42408,-105.871323,355406.0,5.698,1660185825.0
704,,,,,,,,,,,,,,,,66586.0,16.0,-100.94,7.02,7.07,,,,,41.424065,-105.871284,,,1660185825.1
705,,,,,,,,,,,,,,,,66586.0,16.0,-100.47,5.25,9.09,,,,,41.424049,-105.871246,,,1660185825.2
706,,,,,,,,,,,,,,,,66586.0,16.0,-100.78,5.5,12.0,,,,,41.424034,-105.871208,,,1660185825.3
707,,,,,,,,,,,,,,,,66586.0,16.0,-100.84,5.93,7.06,,,,,41.424019,-105.871178,,,1660185825.4
708,,,,,,,,,,,,,,,,66586.0,16.0,-100.55,6.53,7.56,,,,,41.424004,-105.87114,317276.0,5.076,1660185825.5
709,,,,,,,,,,,,,,,,66586.0,16.0,-100.76,7.74,10.0,,,,,41.423988,-105.871101,,,1660185825.6
710,,,,,,,,,,,,,,,,66586.0,16.0,-100.7,6.83,12.5,,,,,41.423973,-105.871063,,,1660185825.7
711,,,,,,,,,,,,,,,,66586.0,16.0,-100.98,7.41,4.08,,,,,41.423958,-105.871025,,,1660185825.8
712,,,,,,,,,,,,,,,,66586.0,16.0,-101.21,7.97,9.0,,,,,41.423939,-105.870987,,,1660185825.9
713,,,,,,,,,,,,,,,6.457,66586.0,16.0,-101.23,6.51,11.25,,,,,41.423923,-105.870949,339811.0,5.437,1660185826.0
714,,,,,,,,,,,,,,,,66586.0,16.0,-101.2,7.26,10.0,,,,,41.423908,-105.870911,,,1660185826.1
715,,,,,,,,,,,,,,reportStrongestCells,,,,,,,,,,,41.423904,-105.870903,,,1660185826.117999
716,,,,,,,,,,,,,,,,66586.0,16.0,-101.59,7.22,10.1,,,,,41.423893,-105.870872,,,1660185826.2
717,,,,,,,,,,,,,,,,66586.0,16.0,-101.68,8.13,8.0,,,,,41.423878,-105.870834,,,1660185826.3
718,,,,,,,,,,,,,,,,66586.0,16.0,-101.91,8.13,11.11,,,,,41.423859,-105.870796,,,1660185826.4
719,,,,,,,,,,,,,,,,66586.0,16.0,-102.1,7.67,2.56,,,,,41.423843,-105.870758,388676.0,6.219,1660185826.5
720,,,,,,,,,,,,,,,,66586.0,16.0,-102.02,7.27,9.0,,,,,41.423828,-105.87072,,,1660185826.6
721,,,,,,,,,,,,,,,,66586.0,16.0,-101.74,7.76,8.26,,,,,41.423813,-105.870682,,,1660185826.7
722,,,,,,,,,,,,,,,,66586.0,16.0,-101.95,8.34,10.0,,,,,41.423798,-105.870644,,,1660185826.8
723,,,,,,,,,,,,,,,,66586.0,16.0,-101.7,8.28,14.0,,,,,41.423782,-105.870598,,,1660185826.9
724,,,,,,,,,,,,,,,6.967,66586.0,16.0,-101.62,8.44,5.05,,,,,41.423767,-105.87056,417176.0,6.675,1660185827.0
725,,,,,,,,,,,,,,,,66586.0,16.0,-101.08,7.97,10.0,,,,,41.423752,-105.870522,,,1660185827.1
726,,,,,,,,,,,,,,,,66586.0,16.0,-101.38,9.22,5.0,,,,,41.423733,-105.870483,,,1660185827.2
727,,,,,,,,,,,,,,,,66586.0,16.0,-100.96,8.85,13.0,,,,,41.423717,-105.870445,,,1660185827.3
728,,,,,,,,,,,,,,,,66586.0,16.0,-101.34,8.24,9.09,,,,,41.423702,-105.870399,,,1660185827.4
729,,,,,,,,,,,,,,,,66586.0,16.0,-101.38,8.85,7.29,,,,,41.423687,-105.870361,422948.0,6.767,1660185827.5
730,,,,,,,,,,,,,,,,66586.0,16.0,-101.46,9.46,11.11,,,,,41.423672,-105.870323,,,1660185827.6
731,,,,,,,,,,,,,,,,66586.0,16.0,-101.76,7.91,8.75,,,,,41.423656,-105.870285,,,1660185827.7
732,,,,,,,,,,,,,,,,66586.0,16.0,-101.3,8.78,10.17,,,,,41.423641,-105.870247,,,1660185827.8
733,,,,,,,,,,,,,,,,66586.0,16.0,-101.34,8.66,10.0,,,,,41.423622,-105.870209,,,1660185827.9
734,,,,,,,,,,,,,,,7.423,66586.0,16.0,-101.66,8.41,4.46,,,,,41.423607,-105.870171,437228.0,6.996,1660185828.0
735,,,,,,,,,,,,,,,,66586.0,16.0,-102.45,7.26,12.0,,,,,41.423592,-105.870132,,,1660185828.1
736,,,,,,,,,,,,,,,,66586.0,16.0,-103.29,8.27,7.0,,,,,41.423576,-105.870094,,,1660185828.2
737,,,,,,,,,,,,,,,,66586.0,16.0,-103.67,9.2,10.0,,,,,41.423561,-105.870056,,,1660185828.3
738,,,,,,,,,,,,,,,,66586.0,16.0,-103.63,9.23,9.0,,,,,41.423542,-105.870018,,,1660185828.4
739,,,,,,,,,,,,,,,,66586.0,16.0,-103.46,8.97,11.0,,,,,41.423527,-105.86998,494348.0,7.91,1660185828.5
740,,,,,,,,,,,,,,,,66586.0,16.0,-102.71,8.78,6.0,,,,,41.423512,-105.869942,,,1660185828.6
741,,,,,,,,,,,,,,,,66586.0,16.0,-101.89,8.71,11.0,,,,,41.423496,-105.869904,,,1660185828.7
742,,,,,,,,,,,,,,,,66586.0,16.0,-101.73,7.93,8.0,,,,,41.423481,-105.869865,,,1660185828.8
743,,,,,,,,,,,,,,,,66586.0,16.0,-102.45,8.67,10.0,,,,,41.423466,-105.869827,,,1660185828.9
744,,,,,,,,,,,,,,,7.073,66586.0,16.0,-102.36,8.96,9.09,,,,,41.42345,-105.869789,424376.0,6.79,1660185829.0
745,,,,,,,,,,,,,,,,66586.0,16.0,-100.98,8.84,11.22,,,,,41.423435,-105.869751,,,1660185829.1
746,,,,,,,,,,,,,,,,66586.0,16.0,-101.34,8.62,6.0,,,,,41.42342,-105.86972,,,1660185829.2
747,,,,,,,,,,,,,,,,66586.0,16.0,-101.84,8.93,9.68,,,,,41.423405,-105.869682,,,1660185829.3
748,,,,,,,,,,,,,,,,66586.0,16.0,-102.73,8.1,8.0,,,,,41.423389,-105.869644,,,1660185829.4
749,,,,,,,,,,,,,,,,66586.0,16.0,-101.83,7.56,10.0,,,,,41.423374,-105.869606,465788.0,7.453,1660185829.5
750,,,,,,,,,,,,,,,,66586.0,16.0,-101.12,7.28,8.0,,,,,41.423359,-105.869568,,,1660185829.6
751,,,,,,,,,,,,,,,,66586.0,16.0,-101.34,7.83,10.1,,,,,41.423344,-105.86953,,,1660185829.7
752,,,,,,,,,,,,,,,,66586.0,16.0,-101.41,8.49,8.08,,,,,41.423328,-105.869492,,,1660185829.8
753,,,,,,,,,,,,,,,,66586.0,16.0,-101.31,9.04,13.0,,,,,41.423309,-105.869453,,,1660185829.9
754,,,,,,,,,,,,,,,7.247,66586.0,16.0,-101.01,8.53,8.0,,,,,41.423294,-105.869415,429633.0,6.874,1660185830.0
755,,,,,,,,,,,,,,,,66586.0,16.0,-100.6,8.84,6.06,,,,,41.423279,-105.869377,,,1660185830.1
756,,,,,,,,,,,,,,,,66586.0,16.0,-100.69,8.94,14.14,,,,,41.423264,-105.869339,,,1660185830.2
757,,,,,,,,,,,,,,,,66586.0,16.0,-100.94,8.41,2.5,,,,,41.423248,-105.869301,,,1660185830.3
758,,,,,,,,,,,,,,,,66586.0,16.0,-101.61,9.25,10.2,,,,,41.423229,-105.869263,,,1660185830.4
759,,,,,,,,,,,,,,,,66586.0,16.0,-103.11,10.12,10.0,,,,,41.423214,-105.869225,372968.0,5.967,1660185830.5
760,,,,,,,,,,,,,,,,66586.0,16.0,-102.94,9.85,8.26,,,,,41.423199,-105.869186,,,1660185830.6
761,,,,,,,,,,,,,,,,66586.0,16.0,-102.83,9.2,9.0,,,,,41.423183,-105.869148,,,1660185830.7
762,,,,,,,,,,,,,,,,66586.0,16.0,-103.23,10.06,9.18,,,,,41.423168,-105.86911,,,1660185830.8
763,,,,,,,,,,,,,,,,66586.0,16.0,-103.88,11.23,11.0,,,,,41.423153,-105.869072,,,1660185830.9
764,,,,,,,,,,,,,,,7.05,66586.0,16.0,-103.65,11.3,5.0,,,,,41.423138,-105.869034,524480.0,8.392,1660185831.0
765,,,,,,,,,,,,,,,,66586.0,16.0,-103.58,11.42,12.12,,,,,41.423126,-105.869003,,,1660185831.1
766,,,,,,,,,,,,,,,,66586.0,16.0,-104.36,11.0,9.0,,,,,41.423111,-105.868965,,,1660185831.2
767,,,,,,,,,,,,,,reportStrongestCells,,,,,,,,,,,41.423103,-105.86895,,,1660185831.234724
768,,,,,,,,,,,,,,,,66586.0,16.0,-103.35,10.92,11.0,,,,,41.423096,-105.868927,,,1660185831.3
769,,,,,,,,,,,,,,,,66586.0,16.0,-103.19,8.54,9.0,,,,,41.42308,-105.868889,,,1660185831.4
770,,,,,,,,,,,,,,,,66586.0,16.0,-103.28,8.47,7.0,,,,,41.423065,-105.868851,521480.0,8.344,1660185831.5
771,,,,,,,,,,,,,,,,66586.0,16.0,-103.31,9.83,10.1,,,,,41.42305,-105.868813,,,1660185831.6
772,,,,,,,,,,,,,,,,66586.0,16.0,-104.89,6.44,9.0,,,,,41.423031,-105.868774,,,1660185831.7
773,,,,,,,,,,,,,,,,66586.0,16.0,-104.21,6.22,11.0,,,,,41.423016,-105.868736,,,1660185831.8
774,,,,,,,,,,,,,,,,66586.0,16.0,-103.85,6.61,7.69,,,,,41.422997,-105.868698,,,1660185831.9
775,,,,,,,,,,,,,,,5.286,66586.0,16.0,-103.78,5.73,9.0,,,,,41.422981,-105.86866,358295.0,5.733,1660185832.0
776,,,,,,,,,,,,,,,,66586.0,16.0,-103.81,7.45,7.0,,,,,41.422966,-105.868622,,,1660185832.1
777,,,,,,,,,,,,,,,,66586.0,16.0,-104.19,8.14,12.5,,,,,41.422947,-105.868576,,,1660185832.2
778,,,,,,,,,,,,,,,,66586.0,16.0,-104.74,8.51,7.63,,,,,41.422932,-105.868538,,,1660185832.3
779,,,,,,,,,,,,,,,,66586.0,16.0,-104.09,6.59,9.0,,,,,41.422913,-105.8685,,,1660185832.4
780,,,,,,,,,,,,,,,,66586.0,16.0,-103.44,8.04,9.0,,,,,41.422897,-105.868462,314420.0,5.031,1660185832.5
781,,,,,,,,,,,,,,,,66586.0,16.0,-102.96,7.64,14.14,,,,,41.422878,-105.868423,,,1660185832.6
782,,,,,,,,,,,,,,,,66586.0,16.0,-103.21,7.3,7.14,,,,,41.422863,-105.868385,,,1660185832.7
783,,,,,,,,,,,,,,,,66586.0,16.0,-104.49,7.72,5.0,,,,,41.422848,-105.868347,,,1660185832.8
784,,,,,,,,,,,,,,,,66586.0,16.0,-104.94,8.28,8.33,,,,,41.422832,-105.868309,,,1660185832.9
785,,,,,,,,,,,,,,,8.3,66586.0,16.0,-104.78,12.29,11.39,,,,,41.422817,-105.868271,316064.0,5.057,1660185833.0
786,,,,,,,,,,,,,,,,66586.0,16.0,-103.53,13.47,9.0,,,,,41.422806,-105.868233,,,1660185833.1
787,,,,,,,,,,,,,,,,66586.0,16.0,-105.69,13.36,8.41,,,,,41.422791,-105.868195,,,1660185833.2
788,,,,,,,,,,,,,,,,66586.0,16.0,-105.69,12.79,9.0,,,,,41.422775,-105.868156,,,1660185833.3
789,,,,,,,,,,,,,,,,66586.0,16.0,-105.35,12.38,9.09,,,,,41.42276,-105.868118,,,1660185833.4
790,,,,,,,,,,,,,,,,66586.0,16.0,-106.58,12.72,8.08,,,,,41.422745,-105.86808,441512.0,7.05,1660185833.5
791,,,,,,,,,,,,,,,,66586.0,16.0,-105.24,12.23,14.14,,,,,41.422729,-105.868042,,,1660185833.6
792,,,,,,,,,,,,,,,,66586.0,16.0,-105.3,10.64,4.12,,,,,41.422714,-105.868004,,,1660185833.7
793,,,,,,,,,,,,,,,,66586.0,16.0,-105.77,11.91,10.1,,,,,41.422699,-105.867966,,,1660185833.8
794,,,,,,,,,,,,,,,,66586.0,16.0,-105.93,12.05,11.25,,,,,41.42268,-105.867928,,,1660185833.9
795,,,,,,,,,,,,,,,10.283,66586.0,16.0,-105.42,12.34,11.11,,,,,41.422665,-105.867889,610016.0,9.76,1660185834.0
796,,,,,,,,,,,,,,,,66586.0,16.0,-104.66,11.9,6.12,,,,,41.422649,-105.867859,,,1660185834.1
797,,,,,,,,,,,,,,,,66586.0,16.0,-104.51,12.79,8.08,,,,,41.422634,-105.867821,,,1660185834.2
798,,,,,,,,,,,,,,,,66586.0,16.0,-104.21,11.87,10.2,,,,,41.422619,-105.867783,,,1660185834.3
799,,,,,,,,,,,,,,,,66586.0,16.0,-104.81,12.32,10.0,,,,,41.4226,-105.867744,,,1660185834.4
800,,,,,,,,,,,,,,,,66586.0,16.0,-105.02,12.92,7.69,,,,,41.422585,-105.867706,582884.0,9.345,1660185834.5
801,,,,,,,,,,,,,,,,66586.0,16.0,-103.63,12.85,9.09,,,,,41.422569,-105.867668,,,1660185834.6
802,,,,,,,,,,,,,,,,66586.0,16.0,-103.56,13.15,9.0,,,,,41.422554,-105.86763,,,1660185834.7
803,,,,,,,,,,,,,,,,66586.0,16.0,-103.56,12.85,9.09,,,,,41.422539,-105.867592,,,1660185834.8
804,,,,,,,,,,,,,,,,66586.0,16.0,-103.26,12.59,8.08,,,,,41.42252,-105.867554,,,1660185834.9
805,,,,,,,,,,,,,,,10.912,66586.0,16.0,-103.47,13.17,9.28,,,,,41.422504,-105.867516,704264.0,11.268,1660185835.0
806,,,,,,,,,,,,,,,,66586.0,16.0,-103.59,12.97,12.5,,,,,41.422489,-105.867477,,,1660185835.1
807,,,,,,,,,,,,,,,,66586.0,16.0,-103.54,13.12,5.83,,,,,41.422474,-105.867432,,,1660185835.2
808,,,,,,,,,,,,,,,,66586.0,16.0,-103.2,13.04,8.75,,,,,41.422459,-105.867393,,,1660185835.3
809,,,,,,,,,,,,,,,,66586.0,16.0,-103.58,12.76,11.0,,,,,41.42244,-105.867355,,,1660185835.4
810,,,,,,,,,,,,,,,,66586.0,16.0,-103.4,12.27,9.32,,,,,41.422424,-105.867317,707120.0,11.314,1660185835.5
811,,,,,,,,,,,,,,,,66586.0,16.0,-103.11,12.86,8.75,,,,,41.422409,-105.867279,,,1660185835.6
812,,,,,,,,,,,,,,,,66586.0,16.0,-102.86,11.44,10.2,,,,,41.422394,-105.867241,,,1660185835.7
813,,,,,,,,,,,,,,,,66586.0,16.0,-103.14,12.27,9.09,,,,,41.422379,-105.867203,,,1660185835.8
814,,,,,,,,,,,,,,,,66586.0,16.0,-103.04,12.96,7.0,,,,,41.422363,-105.867165,,,1660185835.9
815,,,,,,,,,,,,,,,9.26,66586.0,16.0,-102.66,12.98,9.0,,,,,41.422348,-105.867126,652856.0,10.446,1660185836.0
816,,,,,,,,,,,,,,,,66586.0,16.0,-103.82,13.45,12.24,,,,,41.422333,-105.867088,,,1660185836.1
817,,,,,,,,,,,,,,,,66586.0,16.0,-103.29,12.57,8.08,,,,,41.422321,-105.86705,,,1660185836.2
818,,,,,,,,,,,,,,,,66586.0,16.0,-103.97,12.03,7.0,,,,,41.422306,-105.867012,,,1660185836.3
819,,,,,,,,,,,,,,reportStrongestCells,,,,,,,,,,,41.422295,-105.866989,,,1660185836.360851
820,,,,,,,,,,,,,,,,66586.0,16.0,-103.7,12.46,11.69,,,,,41.422291,-105.866974,,,1660185836.4
821,,,,,,,,,,,,,,,,66586.0,16.0,-103.04,12.45,9.0,,,,,41.422276,-105.866936,541472.0,8.664,1660185836.5
822,,,,,,,,,,,,,,,,66586.0,16.0,-103.11,11.65,9.09,,,,,41.42226,-105.866898,,,1660185836.6
823,,,,,,,,,,,,,,,,66586.0,16.0,-102.92,11.2,10.0,,,,,41.422245,-105.866859,,,1660185836.7
824,,,,,,,,,,,,,,,,66586.0,16.0,-102.88,11.22,5.0,,,,,41.42223,-105.866821,,,1660185836.8
825,,,,,,,,,,,,,,,,66586.0,16.0,-102.49,10.68,12.12,,,,,41.422211,-105.866783,,,1660185836.9
826,,,,,,,,,,,,,,,10.319,66586.0,16.0,-102.54,10.4,7.5,,,,,41.422195,-105.866745,600020.0,9.6,1660185837.0
827,,,,,,,,,,,,,,,,66586.0,16.0,-102.84,10.27,7.95,,,,,41.42218,-105.866714,,,1660185837.1
828,,,,,,,,,,,,,,,,66586.0,16.0,-103.18,11.09,12.12,,,,,41.422165,-105.866676,,,1660185837.2
829,,,,,,,,,,,,,,,,66586.0,16.0,-103.2,10.81,6.06,,,,,41.42215,-105.866638,,,1660185837.3
830,,,,,,,,,,,,,,,,66586.0,16.0,-103.51,10.57,10.0,,,,,41.422131,-105.8666,,,1660185837.4
831,,,,,,,,,,,,,,,,66586.0,16.0,-103.06,11.4,9.0,,,,,41.422115,-105.866562,615728.0,9.852,1660185837.5
832,,,,,,,,,,,,,,,,66586.0,16.0,-102.89,11.61,10.1,,,,,41.4221,-105.866524,,,1660185837.6
833,,,,,,,,,,,,,,,,66586.0,16.0,-103.28,11.47,7.0,,,,,41.422085,-105.866486,,,1660185837.7
834,,,,,,,,,,,,,,,,66586.0,16.0,-103.67,12.19,10.0,,,,,41.42207,-105.866447,,,1660185837.8
835,,,,,,,,,,,,,,,,66586.0,16.0,-102.97,12.51,9.0,,,,,41.422054,-105.866409,,,1660185837.9
836,,,,,,,,,,,,,,,8.733,66586.0,16.0,-103.08,12.87,10.0,,,,,41.422039,-105.866371,687128.0,10.994,1660185838.0
837,,,,,,,,,,,,,,,,66586.0,16.0,-102.45,12.18,12.5,,,,,41.422028,-105.866333,,,1660185838.1
838,,,,,,,,,,,,,,,,66586.0,16.0,-103.21,11.69,7.5,,,,,41.422012,-105.866302,,,1660185838.2
839,,,,,,,,,,,,,,,,66586.0,16.0,-104.23,9.89,7.07,,,,,41.421997,-105.866264,,,1660185838.3
840,,,,,,,,,,,,,,,,66586.0,16.0,-104.63,11.87,16.3,,,,,41.421982,-105.866226,,,1660185838.4
841,,,,,,,,,,,,,,,,66586.0,16.0,-105.4,10.55,6.0,,,,,41.421967,-105.866188,582884.0,9.326,1660185838.5
842,,,,,,,,,,,,,,,,66586.0,16.0,-103.26,9.23,8.16,,,,,41.421951,-105.86615,,,1660185838.6
843,,,,,,,,,,,,,,,,66586.0,16.0,-104.65,10.01,9.0,,,,,41.421936,-105.866112,,,1660185838.7
844,,,,,,,,,,,,,,,,66586.0,16.0,-104.26,8.64,8.0,,,,,41.421921,-105.866074,,,1660185838.8
845,,,,,,,,,,,,,,,,66586.0,16.0,-104.15,8.95,9.09,,,,,41.421906,-105.866035,,,1660185838.9
846,,,,,,,,,,,,,,,4.946,66586.0,16.0,-104.0,10.1,8.0,,,,,41.42189,-105.865997,483926.0,7.743,1660185839.0
847,,,,,,,,,,,,,,,,66586.0,16.0,-104.46,9.05,8.0,,,,,41.421875,-105.865959,,,1660185839.1
848,,,,,,,,,,,,,,,,66586.0,16.0,-104.36,7.35,10.1,,,,,41.42186,-105.865921,,,1660185839.2
849,,,,,,,,,,,,,,,,66586.0,16.0,-104.71,6.99,15.0,,,,,41.421844,-105.865883,,,1660185839.3
850,,,,,,,,,,,,,,,,66586.0,16.0,-104.31,4.87,7.5,,,,,41.421829,-105.865845,,,1660185839.4
851,,,,,,,,,,,,,,,,66586.0,16.0,-105.75,5.76,9.17,,,,,41.421814,-105.865807,3116.0,0.05,1660185839.5
852,,,,,,,,,,,,,,,,66586.0,16.0,-105.74,5.22,7.5,,,,,41.421799,-105.865768,,,1660185839.6
853,,,,,,,,,,,,,,,,66586.0,16.0,-105.47,6.08,10.17,,,,,41.421783,-105.86573,,,1660185839.7
854,,,,,,,,,,,,,,,,66586.0,16.0,-105.6,13.86,0.0,,,,,41.421764,-105.865692,,,1660185839.8
855,,,,,,,,,,,,,,,,66586.0,16.0,-105.33,,,,,,,41.421749,-105.865646,,,1660185839.9
856,,,,,,,,,,,,,,,,66586.0,16.0,-104.36,,,,,,,41.42173,-105.865608,508.0,0.008,1660185840.0
857,,,,,,,,,,,,,,,,66586.0,16.0,-104.94,,,,,,,41.421715,-105.86557,,,1660185840.1
858,,,,,,,,,,,,,,,,66586.0,16.0,-104.84,,,,,,,41.4217,-105.865532,,,1660185840.2
859,,,,,,,,,,,,,,,,66586.0,16.0,-105.44,,,,,,,41.42168,-105.865494,,,1660185840.3
860,,,,,,,,,,,,,,,,,,,,,,,,,41.421665,-105.865448,,,1660185840.4
861,,,,,,,,,,,,,,,,,,,,,,,,,41.421646,-105.86541,0.0,0.0,1660185840.5
862,,,,,,,,,,,,,,,,,,,,,,,,,41.421631,-105.865372,,,1660185840.6
863,,,,,,,,,,,,,,,,,,,,,,,,,41.421616,-105.865334,,,1660185840.7
864,,,,,,,,,,,,,,,,66586.0,16.0,-108.81,,,,,,,41.421585,-105.865265,,,1660185840.9
865,,,,,,,,,,,,,,,0.004,66586.0,16.0,-109.44,14.8,0.0,,,,,41.42157,-105.865227,0.0,0.0,1660185841.0
866,,,,,,,,,,,,,,,,,,,,,,,,,41.421524,-105.86512,,,1660185841.3
867,,,,,,,,,,,,,,,,,,,,,,,,,41.421494,-105.865051,0.0,0.0,1660185841.5
868,,,,,,,,,,,,,,,,66586.0,16.0,-109.0,,,,,,,41.421478,-105.865013,,,1660185841.6
869,,,,,,,,,,,,,,,,66586.0,16.0,-104.0,,,,,,,41.421463,-105.864975,,,1660185841.7
870,,,,,,,,,,,,,,reportStrongestCells,,,,,,,,,,,41.421459,-105.864967,,,1660185841.728904
871,,,,,,,,,,,,,,,,66586.0,16.0,-102.2,,,,,,,41.421448,-105.864937,,,1660185841.8
872,,,,,,,,,,,,,,,,66586.0,16.0,-102.81,,,,,,,41.421432,-105.864899,,,1660185841.9
873,,,,,,,,,,,,,,,0.002,66586.0,16.0,-101.58,,,,,,,41.421417,-105.864861,0.0,0.0,1660185842.0
874,,,,,,,,,,,,,,,,66586.0,16.0,-101.13,14.0,0.0,,,,,41.421375,-105.864746,,,1660185842.3
875,,,,,,,,,,,,,,,,,,,,,,,,,41.421345,-105.86467,0.0,0.0,1660185842.5
876,,,,,,,,,,,,,,,,,,,,,,,,,41.421329,-105.864632,,,1660185842.6
877,,,,,,,,,,,,,,,,66586.0,16.0,-106.69,,,,,,,41.421314,-105.864594,,,1660185842.7
878,,,,,,,,,,,,,,,,,,,,,,,,,41.421265,-105.864471,0.0,0.0,1660185843.0
879,,,,,,,,,,,,,,,,66586.0,16.0,-104.94,,,,,,,41.421219,-105.864349,,,1660185843.3
880,,,,,,,,,,,,,,,,,,,,,,,,,41.421185,-105.864265,0.0,0.0,1660185843.5
881,,,,,,,,,,,,,,,,66586.0,16.0,-103.56,,,,,,,41.421169,-105.864227,,,1660185843.6
882,,,,,,,,,,,,,,,,66586.0,16.0,-105.5,,,,,,,41.42112,-105.864113,,,1660185843.9
883,,,,,,,,,,,,,,,,,,,,,,,,,41.421104,-105.864075,0.0,0.0,1660185844.0
884,,,,,,,,,,,,,,,,,,,,,,,,,41.421089,-105.864044,,,1660185844.1
885,,,,,,,,,,,,,,,,66586.0,16.0,-103.06,,,,,,,41.421074,-105.864006,,,1660185844.2
886,,,,,,,,,,,,,,,,,,,,,,,,,41.421059,-105.863968,,,1660185844.3
887,,,,,,,,,,,,,,,,,,,,,,,,,41.421024,-105.863892,0.0,0.0,1660185844.5
888,,,,,,,,,,,,,,,,66586.0,16.0,-104.56,,,,,,,41.421009,-105.863853,,,1660185844.6
889,,,,,,,,,,,,,,,,,,,,,,,,,41.420979,-105.863777,,,1660185844.8
890,,,,,,,,,,,,,,,,,,,,,,,,,41.420948,-105.863708,0.0,0.0,1660185845.0
891,,,,,,,,,,,,,,,,66586.0,16.0,-104.0,,,,,,,41.420937,-105.86367,,,1660185845.1
892,,,,,,,,,,,,,,,,,,,,,,,,,41.420921,-105.863632,,,1660185845.2
893,,,,,,,,,,,,,,,,66586.0,16.0,-103.25,,,,,,,41.420906,-105.863594,,,1660185845.3
894,,,,,,,,,,,,,,,,66586.0,16.0,-106.06,,,,,,,41.420876,-105.863525,0.0,0.0,1660185845.5
895,,,,,,,,,,,,,,,,66586.0,16.0,-106.19,,,,,,,41.42086,-105.863487,,,1660185845.6
896,,,,,,,,,,,,,,,,66586.0,16.0,-106.02,,,,,,,41.420845,-105.863449,,,1660185845.7
897,,,,,,,,,,,,,,,,66586.0,16.0,-105.69,,,,,,,41.42083,-105.863411,,,1660185845.8
898,,,,,,,,,,,,,,,,66586.0,16.0,-105.22,,,,,,,41.420811,-105.863373,,,1660185845.9
899,,,,,,,,,,,,,,,0.001,,,,,,,,,,41.420795,-105.863335,0.0,0.0,1660185846.0
900,,,,,,,,,,,,,,,,66586.0,16.0,-105.31,,,,,,,41.42078,-105.863297,,,1660185846.1
901,,,,,,,,,,,,,,,,,,,14.0,,,,,,41.420765,-105.863266,,,1660185846.2
902,,,,,,,,,,,,,,,,,,,,0.0,,,,,41.42075,-105.863228,,,1660185846.3
903,,,,,,,,,,,,,,,,,,,,,,,,,41.420715,-105.863152,0.0,0.0,1660185846.5
904,,,,,,,,,,,,,,,,,,,,,,,,,41.4207,-105.863113,,,1660185846.6
905,,,,,,,,,,,,,,,,66586.0,16.0,-104.06,,,,,,,41.420685,-105.863075,,,1660185846.7
906,,,,,,,,,,,,,,,,66586.0,16.0,-105.53,,,,,,,41.42067,-105.863037,,,1660185846.8
907,,,,,,,,,,,,,,reportStrongestCells,,,,,,,,,,,41.420658,-105.863014,,,1660185846.851173
908,,,,,,,,,,,,,,,,66586.0,16.0,-104.65,,,,,,,41.42065,-105.862999,,,1660185846.9
909,,,,,,,,,,,,,,,0.003,66586.0,16.0,-105.01,,,,,,,41.420635,-105.862961,0.0,0.0,1660185847.0
910,,,,,,,,,,,,,,,,66586.0,16.0,-105.59,,,,,,,41.42062,-105.862923,,,1660185847.1
911,,,,,,,,,,,,,,,,66586.0,16.0,-105.56,,,,,,,41.420605,-105.862885,,,1660185847.2
912,,,,,,,,,,,,,,,,66586.0,16.0,-105.63,,,,,,,41.420589,-105.862846,,,1660185847.3
913,,,,,,,,,,,,,,,,,,,18.5,,,,,,41.42057,-105.862808,,,1660185847.4
914,,,,,,,,,,,,,,,,,,,,,,,,,41.420555,-105.86277,0.0,0.0,1660185847.5
915,,,,,,,,,,,,,,,,,,,,,,,,,41.42054,-105.862732,,,1660185847.6
916,,,,,,,,,,,,,,,,,,,,0.0,,,,,41.420509,-105.862656,,,1660185847.8
917,,,,,,,,,,,,,,,,,,,,,,,,,41.420475,-105.862579,0.0,0.0,1660185848.0
918,,,,,,,,,,,,,,,,66586.0,16.0,-107.5,,,,,,,41.42046,-105.862534,,,1660185848.1
919,,,,,,,,,,,,,,,,,,,,,,,,,41.420429,-105.862457,,,1660185848.3
920,,,,,,,,,,,,,,,,66586.0,16.0,-110.0,,,,,,,41.42041,-105.862419,,,1660185848.4
921,,,,,,,,,,,,,,,,,,,,,,,,,41.420395,-105.862381,0.0,0.0,1660185848.5
922,,,,,,,,,,,,,,,,,,,,,,,,,41.42038,-105.862343,,,1660185848.6
923,,,,,,,,,,,,,,,,66586.0,16.0,-110.06,,,,,,,41.420364,-105.862305,,,1660185848.7
924,,,,,,,,,,,,,,,,,,,,,,,,,41.420334,-105.862228,,,1660185848.9
925,,,,,,,,,,,,,,,,,,,,,,,,,41.420319,-105.86219,0.0,0.0,1660185849.0
926,,,,,,,,,,,,,,,,66586.0,16.0,-109.0,,,,,,,41.420303,-105.862152,,,1660185849.1
927,,,,,,,,,,,,,,,,,,,,,,,,,41.420277,-105.862076,,,1660185849.3
928,,,,,,,,,,,,,,,,66586.0,16.0,-108.54,,,,,,,41.420261,-105.862038,,,1660185849.4
929,,,,,,,,,,,,,,,,66586.0,16.0,-107.78,,,,,,,41.420246,-105.862,0.0,0.0,1660185849.5
930,,,,,,,,,,,,,,,,66586.0,16.0,-108.19,,,,,,,41.420231,-105.861961,,,1660185849.6
931,,,,,,,,,,,,,,,,66586.0,16.0,-108.38,,,,,,,41.420216,-105.861923,,,1660185849.7
932,,,,,,,,,,,,,,,0.003,,,,10.0,,,,,,41.42017,-105.861809,0.0,0.0,1660185850.0
933,,,,,,,,,,,,,,RRC Connection Release,,,,,,,,,,,41.420158,-105.861786,,,1660185850.071456
934,,,,,,,,,,,,,,,,,,,,,,,,,41.420155,-105.861771,,,1660185850.1
935,,,,,,,,,,,,,,Cell Searching Start,,,,,,,,,,,41.420155,-105.861771,,,1660185850.105205
936,,,,,,,,,,,,,,,,,,,,0.0,,,,,41.420139,-105.86174,,,1660185850.2
937,,,,,,,,,,,,,,Cell Camp On,,,,,,,,,,,41.420124,-105.861702,,,1660185850.29238
938,,,,,,,,,,,,,,,,,,,,,,,,,41.420124,-105.861702,,,1660185850.3
939,,,,,,,,,,,,,,,,66586.0,16.0,-109.19,,,,,,,41.420109,-105.861664,,,1660185850.4
940,,,,,,,,,,,,,,,,,,,,,,,,,41.420094,-105.861626,0.0,0.0,1660185850.5
941,,,,,,,,,,,,,,,,,,,,,,,,,41.420078,-105.861588,,,1660185850.6
942,,,,,,,,,,,,,,,,,,,,,,,,,41.420044,-105.861511,,,1660185850.8
943,,,,,,,,,,,,,,,,,,,,,,,,,41.42001,-105.861435,0.0,0.0,1660185851.0
944,,,,,,,,,,,,,,,,,,,15.5,,,,,,41.41996,-105.861313,,,1660185851.3
945,,,,,,,,,,,,,,,,,,,,,,,,,41.419926,-105.861237,0.0,0.0,1660185851.5
946,,,,,,,,,,,,,,,,,,,,,,,,,41.41991,-105.861198,,,1660185851.6
947,,,,,,,,,,,,,,,,66586.0,16.0,-111.5,,,,,,,41.419849,-105.861046,0.0,0.0,1660185852.0
948,,,,,,,,,,,,,,,,,,,,,,,,,41.419807,-105.860931,,,1660185852.3
949,,,,,,,,,,,,,,,,,,,,,,,,,41.419777,-105.860855,0.0,0.0,1660185852.5
950,,,,,,,,,,,,,,,,,,,,,,,,,41.419762,-105.860817,,,1660185852.6
951,,,,,,,,,,,,,,,,,,,,,,,,,41.419697,-105.860664,0.0,0.0,1660185853.0
952,,,,,,,,,,,,,,,,66586.0,16.0,-113.25,,,,,,,41.419682,-105.860626,,,1660185853.1
953,,,,,,,,,,,,,,,,,,,,,,,,,41.419651,-105.860558,,,1660185853.3
954,,,,,,,,,,,,,,,,,,,,,,,,,41.419617,-105.860481,0.0,0.0,1660185853.5
955,,,,,,,,,,,,,,,,,,,,,,,,,41.419601,-105.860443,,,1660185853.6
956,,,,,,,,,,,,,,,,,,,,,,,,,41.419537,-105.860291,0.0,0.0,1660185854.0
957,,,,,,,,,,,,,,,,66586.0,16.0,-111.69,,,,,,,41.419491,-105.860184,,,1660185854.3
958,,,,,,,,,,,,,,,,,,,,,,,,,41.419456,-105.860107,0.0,0.0,1660185854.5
959,,,,,,,,,,,,,,,,,,,,,,,,,41.419441,-105.860069,,,1660185854.6
960,,,,,,,,,,,,,,,,,,,,,,,,,41.419376,-105.859917,0.0,0.0,1660185855.0
961,,,,,,,,,,,,,,,,,,,,,,,,,41.419331,-105.859802,,,1660185855.3
962,,,,,,,,,,,,,,,,,,,,,,,,,41.419296,-105.859726,0.0,0.0,1660185855.5
963,,,,,,,,,,,,,,,,,,,,,,,,,41.419281,-105.859688,,,1660185855.6
964,,,,,,,,,,,,,,,,66586.0,16.0,-111.19,,,,,,,41.419266,-105.85965,,,1660185855.7
965,,,,,,,,,,,,,,,,,,,,,,,,,41.419216,-105.859535,0.0,0.0,1660185856.0
966,,,,,,,,,,,,,,,,,,,,,,,,,41.41917,-105.859413,,,1660185856.3
967,,,,,,,,,,,,,,,,,,,,,,,,,41.419136,-105.859337,0.0,0.0,1660185856.5
968,,,,,,,,,,,,,,,,,,,,,,,,,41.419121,-105.859299,,,1660185856.6
969,,,,,,,,,,,,,,,,66586.0,16.0,-111.75,,,,,,,41.41906,-105.859154,0.0,0.0,1660185857.0
970,,,,,,,,,,,,,,,,,,,,,,,,,41.419014,-105.859039,,,1660185857.3
971,,,,,,,,,,,,,,,,,,,,,,,,,41.418983,-105.858971,0.0,0.0,1660185857.5
972,,,,,,,,,,,,,,,,,,,,,,,,,41.418968,-105.858932,,,1660185857.6
973,,,,,,,,,,,,,,,,,,,,,,,,,41.418907,-105.85878,0.0,0.0,1660185858.0
974,,,,,,,,,,,,,,,,66586.0,16.0,-116.13,,,,,,,41.418892,-105.858742,,,1660185858.1
975,,,,,,,,,,,,,,,,,,,,,,,,,41.418858,-105.858665,,,1660185858.3
976,,,,,,,,,,,,,,,,,,,,,,,,,41.418827,-105.858589,0.0,0.0,1660185858.5
977,,,,,,,,,,,,,,,,,,,,,,,,,41.418812,-105.858551,,,1660185858.6
978,,,,,,,,,,,,,,,,,,,,,,,,,41.418747,-105.858398,0.0,0.0,1660185859.0
979,,,,,,,,,,,,,,,,66586.0,16.0,-114.5,,,,,,,41.418701,-105.858276,,,1660185859.3
980,,,,,,,,,,,,,,,,,,,,,,,,,41.418667,-105.8582,0.0,0.0,1660185859.5
981,,,,,,,,,,,,,,Cell Reselection Start,,,,,,,,,,,41.418667,-105.8582,,,1660185859.501403
982,,,,,,,,,,,,,,,,,,,,,,,,,41.418652,-105.858162,,,1660185859.6
983,,,,,,,,,,,,,,Cell Reselection Start,,,,,,,,,,,41.418652,-105.858162,,,1660185859.605633
984,,,,,,,,,,,,,,Cell Camp On,,,,,,,,,,,41.418648,-105.858147,,,1660185859.631737
985,,,,,,,,,,,,,,Cell Reselection Success,,,,,,,,,,,41.418648,-105.858147,,,1660185859.631737
986,,,,,,,,,,,,,,RRC Setup Start,,,,,,,,,,,41.418644,-105.858147,,,1660185859.647978
987,,,,,,,,,,,,,,PRACH: Msg1(RA),,,,,,,,,,,41.41864,-105.858131,,,1660185859.680103
988,,,,,,,,,,,,,,,,66536.0,307.0,-110.04,,,,,,,41.418636,-105.858124,,,1660185859.7
989,,,,,,,,,,,,,,PRACH: Msg2(RAR),,,,,,,,,,,41.418636,-105.858124,,,1660185859.701682
990,,,,,,,,,,,,,,PRACH: Msg3(UE ID),,,,,,,,,,,41.418636,-105.858124,,,1660185859.701695
991,,,,,,,,,,,,,,PRACH: Msg4[Pass],,,,,,,,,,,41.418636,-105.858124,,,1660185859.704997
992,,,,,,,,,,,,,,Received RAR[True],,,,,,,,,,,41.418636,-105.858124,,,1660185859.705015
993,,,,,,,,,,,,,,RRC Setup Success,,,,,,,,,,,41.418636,-105.858124,,,1660185859.706136
994,,,,,,,,,,,,,,RRC Connection Release,,,,,,,,,,,41.418629,-105.858109,,,1660185859.749084
995,,,,,,,,,,,,,,TAU Success,,,,,,,,,,,41.418625,-105.858101,,,1660185859.762514
996,,,,,,,,,,,,,,,0.043,,,,,,,,,,41.418591,-105.858009,0.0,0.0,1660185860.0
997,,,,,,,,,,,,,,Cell Searching Start,,,,,,,,,,,41.418591,-105.858009,,,1660185860.004036
998,,,,,,,,,,,,,,Cell Camp On,,,,,,,,,,,41.418591,-105.858009,,,1660185860.004348
999,,,,,,,,,,,,,,,,,,,,,,,,,41.418545,-105.857895,,,1660185860.3
1000,,,,,,,,,,,,,,,,,,,,,,,,,41.418514,-105.857819,0.0,0.0,1660185860.5
1001,,,,,,,,,,,,,,,,,,,3.58,0.0,,,,,41.418499,-105.85778,,,1660185860.6
1002,,,,,,,,,,,,,,,,66536.0,307.0,-108.81,,,,,,,41.418468,-105.857704,,,1660185860.8
1003,,,,,,,,,,,,,,,,,,,,,,,,,41.418434,-105.857628,0.0,0.0,1660185861.0
1004,,,,,,,,,,,,,,,,,,,,,,,,,41.418388,-105.857513,,,1660185861.3
1005,,,,,,,,,,,,,,,,,,,,,,,,,41.418354,-105.857437,0.0,0.0,1660185861.5
1006,,,,,,,,,,,,,,,,,,,,,,,,,41.418339,-105.857399,,,1660185861.6
1007,,,,,,,,,,,,,,,,,,,,,,,,,41.418278,-105.857254,0.0,0.0,1660185862.0
1008,,,,,,,,,,,,,,,,66536.0,307.0,-111.56,,,,,,,41.418236,-105.85714,,,1660185862.3
1009,,,,,,,,,,,,,,,,,,,,,,,,,41.418205,-105.857071,0.0,0.0,1660185862.5
1010,,,,,,,,,,,,,,,,,,,,,,,,,41.41819,-105.857033,,,1660185862.6
1011,,,,,,,,,,,,,,,,,,,,,,,,,41.418125,-105.85688,0.0,0.0,1660185863.0
1012,,,,,,,,,,,,,,,,66536.0,307.0,-114.56,,,,,,,41.418095,-105.856804,,,1660185863.2
1013,,,,,,,,,,,,,,,,,,,,,,,,,41.418079,-105.856766,,,1660185863.3
1014,,,,,,,,,,,,,,,,,,,,,,,,,41.418045,-105.856689,0.0,0.0,1660185863.5
1015,,,,,,,,,,,,,,,,,,,,,,,,,41.41803,-105.856651,,,1660185863.6
1016,,,,,,,,,,,,,,,,,,,,,,,,,41.417965,-105.856499,0.0,0.0,1660185864.0
1017,,,,,,,,,,,,,,,,,,,,,,,,,41.417919,-105.856377,,,1660185864.3
1018,,,,,,,,,,,,,,,,,,,,,,,,,41.417885,-105.8563,0.0,0.0,1660185864.5
1019,,,,,,,,,,,,,,,,,,,,,,,,,41.41787,-105.856262,,,1660185864.6
1020,,,,,,,,,,,,,,,,66536.0,307.0,-113.75,,,,,,,41.417854,-105.856224,,,1660185864.7
1021,,,,,,,,,,,,,,,,,,,,,,,,,41.417824,-105.856148,,,1660185864.9
1022,,,,,,,,,,,,,,,,,,,,,,,,,41.417809,-105.85611,0.0,0.0,1660185865.0
1023,,,,,,,,,,,,,,,,,,,,,,,,,41.417767,-105.855995,,,1660185865.3
1024,,,,,,,,,,,,,,,,,,,,,,,,,41.417736,-105.855919,0.0,0.0,1660185865.5
1025,,,,,,,,,,,,,,,,,,,,,,,,,41.417721,-105.855881,,,1660185865.6
1026,,,,,,,,,,,,,,,0.133,,,,,,,,,,41.417656,-105.855728,0.0,0.0,1660185866.0
1027,,,,,,,,,,,,,,,,66536.0,307.0,-113.69,,,,,,,41.417641,-105.855698,,,1660185866.1
1028,,,,,,,,,,,,,,,,,,,,,,,,,41.41761,-105.855621,,,1660185866.3
1029,,,,,,,,,,,,,,,,,,,,,,,,,41.417576,-105.855545,0.0,0.0,1660185866.5
1030,,,,,,,,,,,,,,,,,,,,,,,,,41.417561,-105.855507,,,1660185866.6
1031,,,,,,,,,,,,,,RRC Setup Start,,,,,,,,,,,41.417519,-105.855408,,,1660185866.863165
1032,,,,,,,,,,,,,,PRACH: Msg1(RA),,,,,,,,,,,41.417515,-105.855392,,,1660185866.893893
1033,,,,,,,,,,,,,,,,66536.0,307.0,-116.99,1.17,0.0,,,,,41.417511,-105.855392,,,1660185866.9
1034,,,,,,,,,,,,,,PRACH: Msg2(RAR),,,,,,,,,,,41.417511,-105.855385,,,1660185866.910415
1035,,,,,,,,,,,,,,PRACH: Msg3(UE ID),,,,,,,,,,,41.417511,-105.855385,,,1660185866.910422
1036,,,,,,,,,,,,,,PRACH: Msg4[Pass],,,,,,,,,,,41.417511,-105.855385,,,1660185866.911466
1037,,,,,,,,,,,,,,Received RAR[True],,,,,,,,,,,41.417511,-105.855385,,,1660185866.911474
1038,,,,,,,,,,,,,,RRC Setup Success,,,,,,,,,,,41.417511,-105.855385,,,1660185866.916115
1039,,,,,,,,,,,,,,,0.06,66536.0,307.0,-116.25,1.58,0.0,,,,,41.417496,-105.855354,1254.0,0.02,1660185867.0
1040,,,,,,,,,,,,,,,,66536.0,307.0,-116.33,1.93,0.0,,,,,41.41748,-105.855316,,,1660185867.1
1041,,,,,,,,,,,,,,,,66536.0,307.0,-117.68,1.44,21.62,,,,,41.417465,-105.85527,,,1660185867.2
1042,,,,,,,,,,,,,,,,66536.0,307.0,-117.88,1.87,9.68,,,,,41.41745,-105.855232,,,1660185867.3
1043,,,,,,,,,,,,,,,,66536.0,307.0,-117.83,1.3,3.33,,,,,41.417431,-105.855194,,,1660185867.4
1044,,,,,,,,,,,,,,,,66536.0,307.0,-116.55,1.77,0.0,,,,,41.417416,-105.855156,4502.0,0.072,1660185867.5
1045,,,,,,,,,,,,,,,,66536.0,307.0,-115.1,,13.33,,,,,41.4174,-105.855118,,,1660185867.6
1046,,,,,,,,,,,,,,,,66536.0,307.0,-115.06,,,,,,,41.417385,-105.85508,,,1660185867.7
1047,,,,,,,,,,,,,,,,66536.0,307.0,-116.53,,,,,,,41.41737,-105.855042,,,1660185867.8
1048,,,,,,,,,,,,,,,,66536.0,307.0,-116.65,0.8,0.0,,,,,41.417351,-105.855003,,,1660185867.9
1049,,,,,,,,,,,,,,,0.018,66536.0,307.0,-116.41,,13.33,,,,,41.417336,-105.854965,1324.0,0.021,1660185868.0
1050,,,,,,,,,,,,,,,,66536.0,307.0,-116.18,1.27,,,,,,41.41732,-105.854927,,,1660185868.1
1051,,,,,,,,,,,,,,,,66536.0,307.0,-115.63,1.25,,,,,,41.417305,-105.854889,,,1660185868.2
1052,,,,,,,,,,,,,,,,66536.0,307.0,-116.02,,30.0,,,,,41.41729,-105.854851,,,1660185868.3
1053,,,,,,,,,,,,,,,,66536.0,307.0,-115.81,,,,,,,41.417271,-105.854813,,,1660185868.4
1054,,,,,,,,,,,,,,,,66536.0,307.0,-116.06,,,,,,,41.417255,-105.854774,144.0,0.002,1660185868.5
1055,,,,,,,,,,,,,,,,,,,,,,,,,41.41724,-105.854736,,,1660185868.6
1056,,,,,,,,,,,,,,,,,,,,,,,,,41.41724,-105.854736,,,1660185868.7
1057,,,,,,,,,,,,,,,,66536.0,307.0,-115.88,,,,,,,41.41724,-105.854736,,,1660185868.8
1058,,,,,,,,,,,,,,,,,,,,,,,,,41.41724,-105.854736,,,1660185869.0
1059,,,,,,,,,,,,,,,,,,,,,,,,,41.41724,-105.854736,,,1660185869.1
1060,,,,,,,,,,,,,,,,66536.0,307.0,-116.75,,,,,,,41.41724,-105.854736,,,1660185869.2
1061,,,,,,,,,,,,,,,,,,,,,,,,,41.41724,-105.854736,,,1660185869.3
1062,,,,,,,,,,,,,,,,,,,,,,,,,41.29953,-105.595123,0.0,0.0,1660185869.0
