,local_time,unixtimestamp,videoBuffer,audioBuffer,cumRebuffer,format_vid,byteOffset,totalByteLength,byteLength,ssim,mod_timestamp,ssim_diff,cumRebuffer_diff,New_Bitrate,New_Bitrate_diff,qoe
11,62817517,1660405044,2.002,2.002,0.304,1280x720-5,1124688,1191650,66962,4.5425,1660405044.124,0.0,0.0,5.0,0.0,5.0
35,62817767,1660405044,4.004,4.004,0.555,1280x720-10,2351466,2380435,28969,9.0729,1660405044.374,4.5304,0.25100000000000006,10.0,5.0,-20.100000000000005
268,62821480,1660405048,2.909,2.909,1.157,1280x720-100,23718169,23777998,59829,90.6168,1660405049.096,81.5439,0.602,100.0,90.0,-50.199999999999996
385,62822144,1660405049,4.247,4.247,1.157,1280x720-50,11859257,11890426,31169,45.3149,1660405049.238,45.301899999999996,0.0,100.0,0.0,100.0
618,62825480,1660405052,2.918,2.918,1.157,1280x720-100,23718169,23777999,59830,90.6169,1660405053.051,45.302,0.0,100.0,0.0,100.0
735,62826860,1660405053,3.539,3.539,1.157,1280x720-50,11859257,11890463,31206,45.3147,1660405054.023,45.3022,0.0,100.0,0.0,100.0
968,62829338,1660405056,3.055,3.055,1.157,1280x720-100,23717937,23777999,60062,90.6169,1660405057.053,45.3022,0.0,100.0,0.0,100.0
1085,62830753,1660405057,3.651,3.651,1.157,1280x720-50,11859141,11890432,31291,45.3149,1660405058.028,45.302,0.0,100.0,0.0,100.0
1318,62833243,1660405060,3.16,3.160,1.157,1280x720-100,23717937,23777985,60048,90.6169,1660405061.051,45.302,0.0,100.0,0.0,100.0
1435,62834699,1660405061,3.703,3.703,1.157,1280x720-50,11859141,11890429,31288,45.3147,1660405062.033,45.3022,0.0,100.0,0.0,100.0
1668,62837286,1660405064,3.12,3.120,1.157,1280x720-100,23717937,23777996,60059,90.6169,1660405065.048,45.3022,0.0,100.0,0.0,100.0
1798,62838878,1660405065,3.53,3.530,1.157,1280x720-50,13188299,13201705,13406,50.312,1660405066.023,40.3049,0.0,100.0,0.0,100.0
2031,62841378,1660405068,3.031,3.031,1.157,1280x720-100,23717937,23777998,60061,90.6169,1660405069.051,40.3049,0.0,100.0,0.0,100.0
2148,62842988,1660405070,3.423,3.423,1.157,1280x720-50,11859141,11890471,31330,45.3148,1660405071.009,45.3021,0.0,100.0,0.0,100.0
2381,62845577,1660405072,2.842,2.842,1.157,1280x720-100,23717937,23777999,60062,90.6169,1660405073.039,45.3021,0.0,100.0,0.0,100.0
2498,62846304,1660405073,4.115,4.115,1.157,1280x720-50,11859141,11890440,31299,45.3149,1660405073.424,45.302,0.0,100.0,0.0,100.0
2731,62849602,1660405076,2.815,2.815,1.157,1280x720-100,23717937,23777999,60062,90.6169,1660405077.032,45.302,0.0,100.0,0.0,100.0
2848,62850173,1660405077,4.251,4.251,1.157,1280x720-50,11859141,11890433,31292,45.3148,1660405077.282,45.3021,0.0,100.0,0.0,100.0
3081,62853431,1660405080,2.994,2.994,1.157,1280x720-100,23717937,23777997,60060,90.6168,1660405081.04,45.302,0.0,100.0,0.0,100.0
3198,62854949,1660405082,3.478,3.478,1.157,1280x720-50,11859141,11890435,31294,45.3149,1660405083.011,45.301899999999996,0.0,100.0,0.0,100.0
3431,62857463,1660405084,2.962,2.962,1.157,1280x720-100,23717937,23777997,60060,90.6169,1660405085.044,45.302,0.0,100.0,0.0,100.0
3548,62858993,1660405086,3.436,3.436,1.157,1280x720-50,11859141,11890467,31326,45.3147,1660405087.011,45.3022,0.0,100.0,0.0,100.0
3781,62861439,1660405088,2.991,2.991,1.157,1280x720-100,23717937,23777999,60062,90.6169,1660405089.043,45.3022,0.0,100.0,0.0,100.0
3898,62862933,1660405090,3.495,3.495,1.157,1280x720-50,11859141,11890444,31303,45.3149,1660405091.008,45.302,0.0,100.0,0.0,100.0
4131,62865382,1660405092,3.055,3.055,1.157,1280x720-100,23717937,23777999,60062,90.6169,1660405093.053,45.302,0.0,100.0,0.0,100.0
4248,62866789,1660405093,3.652,3.652,1.157,1280x720-50,11859141,11890467,31326,45.3147,1660405094.029,45.3022,0.0,100.0,0.0,100.0
4481,62869305,1660405096,3.135,3.135,1.157,1280x720-100,23717937,23777999,60062,90.6169,1660405097.044,45.3022,0.0,100.0,0.0,100.0
4598,62870821,1660405097,3.622,3.622,1.157,1280x720-50,11859141,11890443,31302,45.3149,1660405098.022,45.302,0.0,100.0,0.0,100.0
4831,62873157,1660405100,3.287,3.287,1.157,1280x720-100,23717937,23777999,60062,90.6169,1660405101.045,45.302,0.0,100.0,0.0,100.0
4948,62874543,1660405101,3.902,3.902,1.157,1280x720-50,11859141,11890467,31326,45.3147,1660405102.043,45.3022,0.0,100.0,0.0,100.0
5181,62878018,1660405105,2.432,2.432,1.157,1280x720-100,23717937,23777998,60061,90.6169,1660405106.014,45.3022,0.0,100.0,0.0,100.0
5298,62878553,1660405105,3.896,3.896,1.157,1280x720-50,11859141,11890491,31350,45.3148,1660405106.549,45.3021,0.0,100.0,0.0,100.0
5531,62881872,1660405108,2.583,2.583,1.157,1280x720-100,23717937,23777999,60062,90.6169,1660405109.031,45.3021,0.0,100.0,0.0,100.0
5648,62882407,1660405109,4.045,4.045,1.157,1280x720-50,11859141,11890479,31338,45.3149,1660405109.535,45.302,0.0,100.0,0.0,100.0
5881,62885828,1660405112,2.624,2.624,1.157,1280x720-100,23717937,23777999,60062,90.6169,1660405113.023,45.302,0.0,100.0,0.0,100.0
5998,62886317,1660405113,4.136,4.136,1.157,1280x720-50,11859141,11890493,31352,45.3149,1660405113.489,45.302,0.0,100.0,0.0,100.0
6231,62889646,1660405116,2.809,2.809,1.157,1280x720-100,23717937,23778000,60063,90.6169,1660405117.042,45.302,0.0,100.0,0.0,100.0
6348,62891146,1660405118,3.311,3.311,1.157,1280x720-50,11859141,11890494,31353,45.3148,1660405119.002,45.3021,0.0,100.0,0.0,100.0
6581,62893873,1660405120,2.587,2.587,1.157,1280x720-100,23717937,23778000,60063,90.6169,1660405121.024,45.3021,0.0,100.0,0.0,100.0
6698,62894418,1660405121,4.049,4.049,1.157,1280x720-50,11859141,11890494,31353,45.3148,1660405121.545,45.3021,0.0,100.0,0.0,100.0
6931,62897716,1660405124,2.753,2.753,1.157,1280x720-100,23717937,23777999,60062,90.6169,1660405125.031,45.3021,0.0,100.0,0.0,100.0
7048,62898245,1660405125,4.225,4.225,1.157,1280x720-50,11859141,11890494,31353,45.3148,1660405125.346,45.3021,0.0,100.0,0.0,100.0
7281,62901597,1660405128,2.874,2.874,1.157,1280x720-100,23717937,23778000,60063,90.6169,1660405129.036,45.3021,0.0,100.0,0.0,100.0
7398,62902175,1660405129,4.302,4.302,1.157,1280x720-50,11859141,11890493,31352,45.3148,1660405129.271,45.3021,0.0,100.0,0.0,100.0
7631,62905421,1660405132,3.055,3.055,1.157,1280x720-100,23717937,23778000,60063,90.6169,1660405133.04,45.3021,0.0,100.0,0.0,100.0
7748,62906823,1660405133,3.657,3.657,1.157,1280x720-50,11859141,11890493,31352,45.3147,1660405134.024,45.3022,0.0,100.0,0.0,100.0
7981,62909314,1660405136,3.16,3.160,1.157,1280x720-100,23717937,23778000,60063,90.6169,1660405137.044,45.3022,0.0,100.0,0.0,100.0
8098,62910676,1660405137,3.806,3.806,1.157,1280x720-50,11859141,11890494,31353,45.3148,1660405138.033,45.3021,0.0,100.0,0.0,100.0
8331,62914041,1660405141,2.445,2.445,1.157,1280x720-100,23717937,23778000,60063,90.6169,1660405142.01,45.3021,0.0,100.0,0.0,100.0
8448,62914606,1660405141,3.882,3.882,1.157,1280x720-50,11859141,11890494,31353,45.3148,1660405142.575,45.3021,0.0,100.0,0.0,100.0
8681,62917907,1660405145,2.578,2.578,1.157,1280x720-100,23717937,23777999,60062,90.6169,1660405145.001,45.3021,0.0,100.0,0.0,100.0
8798,62918427,1660405145,4.063,4.063,1.157,1280x720-50,11859141,11890473,31332,45.3148,1660405145.521,45.3021,0.0,100.0,0.0,100.0
9031,62921771,1660405148,2.725,2.725,1.157,1280x720-100,23717937,23777999,60062,90.6169,1660405149.034,45.3021,0.0,100.0,0.0,100.0
9148,62922461,1660405149,4.035,4.035,1.157,1280x720-50,11859141,11890460,31319,45.3147,1660405149.69,45.3022,0.0,100.0,0.0,100.0
9381,62925795,1660405152,2.702,2.702,1.157,1280x720-100,23717937,23777999,60062,90.6169,1660405153.037,45.3022,0.0,100.0,0.0,100.0
9498,62926245,1660405153,4.248,4.248,1.157,1280x720-50,11859141,11890474,31333,45.3148,1660405153.45,45.3021,0.0,100.0,0.0,100.0
9731,62929621,1660405156,2.882,2.882,1.157,1280x720-100,23717705,23777999,60294,90.6169,1660405157.04,45.3021,0.0,100.0,0.0,100.0
9848,62931072,1660405158,3.431,3.431,1.157,1280x720-50,11859025,11890455,31430,45.3148,1660405159.007,45.3021,0.0,100.0,0.0,100.0
10081,62933609,1660405160,2.893,2.893,1.157,1280x720-100,23717705,23777999,60294,90.6169,1660405161.042,45.3021,0.0,100.0,0.0,100.0
10198,62935048,1660405162,3.455,3.455,1.157,1280x720-50,11859025,11890457,31432,45.3149,1660405163.013,45.302,0.0,100.0,0.0,100.0
10431,62937533,1660405164,2.969,2.969,1.157,1280x720-100,23717705,23777998,60293,90.6169,1660405165.038,45.302,0.0,100.0,0.0,100.0
10548,62938862,1660405165,3.648,3.648,1.157,1280x720-50,11859025,11890443,31418,45.3149,1660405166.032,45.302,0.0,100.0,0.0,100.0
10781,62941354,1660405168,3.156,3.156,1.157,1280x720-100,23717705,23777999,60294,90.6169,1660405169.047,45.302,0.0,100.0,0.0,100.0
10898,62942752,1660405169,3.761,3.761,1.157,1280x720-50,11859025,11890473,31448,45.3148,1660405170.029,45.3021,0.0,100.0,0.0,100.0
11131,62945306,1660405172,3.207,3.207,1.157,1280x720-100,23717705,23777999,60294,90.6169,1660405173.052,45.3021,0.0,100.0,0.0,100.0
11248,62946510,1660405173,4.004,4.004,1.157,1280x720-50,11859025,11890486,31461,45.3148,1660405174.041,45.3021,0.0,100.0,0.0,100.0
11481,62949912,1660405177,2.603,2.603,1.157,1280x720-100,23717705,23777999,60294,90.6169,1660405177.007,45.3021,0.0,100.0,0.0,100.0
11598,62950303,1660405177,4.213,4.213,1.157,1280x720-50,11859025,11890490,31465,45.3148,1660405177.398,45.3021,0.0,100.0,0.0,100.0
11831,62953695,1660405180,2.829,2.829,1.157,1280x720-100,23717705,23777999,60294,90.6169,1660405181.039,45.3021,0.0,100.0,0.0,100.0
11948,62954166,1660405181,4.354,4.354,1.157,1280x720-50,11859025,11890496,31471,45.3148,1660405181.262,45.3021,0.0,100.0,0.0,100.0
12181,62957508,1660405184,3.021,3.021,1.157,1280x720-100,23717705,23778000,60295,90.6169,1660405185.044,45.3021,0.0,100.0,0.0,100.0
12298,62958949,1660405186,3.582,3.582,1.157,1280x720-50,11859025,11890495,31470,45.3148,1660405187.018,45.3021,0.0,100.0,0.0,100.0
12531,62961306,1660405188,3.219,3.219,1.157,1280x720-100,23717705,23777999,60294,90.6169,1660405189.044,45.3021,0.0,100.0,0.0,100.0
12648,62962698,1660405189,3.836,3.836,1.157,1280x720-50,11859025,11890493,31468,45.3148,1660405190.028,45.3021,0.0,100.0,0.0,100.0
12881,62966028,1660405193,2.508,2.508,1.157,1280x720-100,23717705,23778000,60295,90.6169,1660405194.023,45.3021,0.0,100.0,0.0,100.0
12998,62966570,1660405193,3.966,3.966,1.157,1280x720-50,11859025,11890496,31471,45.3148,1660405194.565,45.3021,0.0,100.0,0.0,100.0
13231,62969909,1660405197,2.633,2.633,1.157,1280x720-100,23717705,23778000,60295,90.6169,1660405197.003,45.3021,0.0,100.0,0.0,100.0
13348,62970378,1660405197,4.163,4.163,1.157,1280x720-50,11859025,11890496,31471,45.3148,1660405197.472,45.3021,0.0,100.0,0.0,100.0
13581,62973696,1660405200,2.845,2.845,1.157,1280x720-100,23717705,23777999,60294,90.6169,1660405201.041,45.3021,0.0,100.0,0.0,100.0
13698,62975118,1660405202,3.427,3.427,1.157,1280x720-50,11859025,11890496,31471,45.3148,1660405203.005,45.3021,0.0,100.0,0.0,100.0
13931,62977523,1660405204,3.026,3.026,1.157,1280x720-100,23717705,23778000,60295,90.6169,1660405205.049,45.3021,0.0,100.0,0.0,100.0
14048,62978968,1660405206,3.584,3.584,1.157,1280x720-50,11859025,11890493,31468,45.3148,1660405207.022,45.3021,0.0,100.0,0.0,100.0
14281,62981338,1660405208,3.216,3.216,1.157,1280x720-100,23717705,23778000,60295,90.6169,1660405209.052,45.3021,0.0,100.0,0.0,100.0
14398,62982569,1660405209,3.987,3.987,1.157,1280x720-50,11859025,11890492,31467,45.3148,1660405210.038,45.3021,0.0,100.0,0.0,100.0
14631,62985911,1660405213,2.645,2.645,1.157,1280x720-100,23717705,23778000,60295,90.6169,1660405213.005,45.3021,0.0,100.0,0.0,100.0
14748,62986541,1660405213,4.017,4.017,1.157,1280x720-50,11859025,11890495,31470,45.3148,1660405213.635,45.3021,0.0,100.0,0.0,100.0
14981,62989971,1660405217,2.591,2.591,1.157,1280x720-100,23717705,23778000,60295,90.6169,1660405218.03,45.3021,0.0,100.0,0.0,100.0
15098,62990500,1660405217,4.064,4.064,1.157,1280x720-50,11859025,11890495,31470,45.3147,1660405218.559,45.3022,0.0,100.0,0.0,100.0
15331,62993768,1660405220,2.797,2.797,1.157,1280x720-100,23717705,23777998,60293,90.6169,1660405221.043,45.3022,0.0,100.0,0.0,100.0
15448,62995167,1660405222,3.392,3.392,1.157,1280x720-50,11859025,11890467,31442,45.3147,1660405223.005,45.3022,0.0,100.0,0.0,100.0
15681,62997478,1660405224,3.088,3.088,1.157,1280x720-100,23717705,23777999,60294,90.6169,1660405225.058,45.3022,0.0,100.0,0.0,100.0
15798,62998767,1660405225,3.803,3.803,1.157,1280x720-50,11859025,11890459,31434,45.3147,1660405226.042,45.3022,0.0,100.0,0.0,100.0
16031,63002204,1660405229,2.369,2.369,1.157,1280x720-100,23717705,23777999,60294,90.6169,1660405230.006,45.3022,0.0,100.0,0.0,100.0
16055,63002557,1660405229,4.018,4.018,1.157,1280x720-10,2351420,2433005,81585,9.2733,1660405230.359,81.3436,0.0,10.0,90.0,-80.0
16288,63006004,1660405233,2.573,2.573,1.157,1280x720-100,23717705,23777999,60294,90.6169,1660405234.029,81.3436,0.0,100.0,90.0,10.0
16405,63006469,1660405233,4.104,4.104,1.157,1280x720-50,11859141,11890450,31309,45.315,1660405234.494,45.3019,0.0,100.0,0.0,100.0
16638,63009863,1660405236,2.714,2.714,1.157,1280x720-100,23717705,23777998,60293,90.6169,1660405237.043,45.3019,0.0,100.0,0.0,100.0
16755,63010305,1660405237,4.273,4.273,1.157,1280x720-50,11859025,11890438,31413,45.3149,1660405237.442,45.302,0.0,50.0,50.0,0.0
