,local_time,unixtimestamp,videoBuffer,audioBuffer,cumRebuffer,format_vid,byteOffset,totalByteLength,byteLength,ssim,mod_timestamp,ssim_diff,cumRebuffer_diff,New_Bitrate,New_Bitrate_diff,qoe
11,4852518,1660177217,1.963,1.963,2.521,1280x720-5,1124688,1191650,66962,4.5425,1660177217.684,0.0,0.0,5.0,0.0,5.0
35,4854812,1660177219,1.675,1.675,2.521,1280x720-10,2351466,2380435,28969,9.0729,1660177219.974,4.5304,0.0,10.0,5.0,5.0
60,4856284,1660177221,2.201,2.201,2.521,1280x720-10,2453703,2522123,68420,9.6161,1660177221.365,0.5431999999999988,0.0,10.0,0.0,10.0
84,4857460,1660177222,3.034,3.034,2.521,1280x720-10,2351466,2379547,28081,9.0728,1660177222.564,0.5432999999999986,0.0,10.0,0.0,10.0
201,4860627,1660177225,1.868,1.868,2.521,1280x720-50,11859257,11890466,31209,45.3147,1660177225.716,36.2419,0.0,50.0,40.0,10.0
225,4861382,1660177226,3.108,3.108,2.521,1280x720-10,2351466,2380422,28956,9.0729,1660177226.46,36.2418,0.0,10.0,40.0,-30.0
342,4863758,1660177228,2.742,2.742,2.521,1280x720-50,11859141,11910369,51228,45.3908,1660177228.836,36.317899999999995,0.0,50.0,40.0,10.0
459,4866540,1660177231,1.955,1.955,2.521,1280x720-50,11859141,11889578,30437,45.3149,1660177231.731,0.07589999999999719,0.0,50.0,0.0,50.0
483,4867440,1660177232,3.063,3.063,2.521,1280x720-10,2351443,2403840,52397,9.1621,1660177232.534,36.1528,0.0,10.0,40.0,-30.0
600,4872232,1660177237,0.54,0.540,2.724,1280x720-50,11859141,11890429,31288,45.3147,1660177238.061,36.1526,0.2030000000000003,50.0,40.0,-10.30000000000003
612,4872900,1660177237,2.246,2.246,3.076,1280x720-5,1124622,1191654,67032,4.5425,1660177238.729,40.7722,0.35199999999999987,5.0,45.0,-75.19999999999999
638,4874304,1660177239,2.843,2.843,3.076,1280x720-10,2555915,2565102,9187,9.7767,1660177239.386,5.2341999999999995,0.0,10.0,5.0,5.0
755,4879972,1660177245,1.234,1.234,5.093,1280x720-50,11859141,11890462,31321,45.3149,1660177245.074,35.5382,2.017,50.0,40.0,-191.7
767,4880643,1660177245,2.834,2.834,5.345,1280x720-5,1124622,1191659,67037,4.5426,1660177245.745,40.7723,0.2519999999999998,5.0,45.0,-65.19999999999997
884,4886820,1660177251,1.12,1.120,7.764,1280x720-50,11859141,11890451,31310,45.3149,1660177251.939,40.7723,2.4190000000000005,50.0,45.0,-236.90000000000003
896,4887547,1660177252,2.399,2.399,7.764,1280x720-5,1124622,1191655,67033,4.5425,1660177252.727,40.772400000000005,0.0,5.0,45.0,-40.0
1013,4893104,1660177258,1.055,1.055,9.88,1280x720-50,11859141,11890456,31315,45.3149,1660177258.204,40.772400000000005,2.1160000000000005,50.0,45.0,-206.60000000000005
1025,4893792,1660177258,2.376,2.376,9.88,1280x720-5,1124622,1191649,67027,4.5425,1660177258.892,40.772400000000005,0.0,5.0,45.0,-40.0
1142,4899479,1660177264,0.722,0.722,11.895,1280x720-50,11859141,11890443,31302,45.3148,1660177264.57,40.7723,2.014999999999999,50.0,45.0,-196.4999999999999
1154,4900208,1660177265,2.49,2.490,12.351,1280x720-5,1124622,1198679,74057,4.5693,1660177265.286,40.7455,0.4560000000000013,5.0,45.0,-85.60000000000014
1271,4905691,1660177270,1.084,1.084,14.372,1280x720-50,11859141,11890428,31287,45.3147,1660177270.772,40.745400000000004,2.020999999999999,50.0,45.0,-197.0999999999999
1283,4906350,1660177271,2.422,2.422,14.372,1280x720-5,1124622,1191661,67039,4.5426,1660177271.455,40.7721,0.0,5.0,45.0,-40.0
1400,4909998,1660177275,0.774,0.774,14.372,1280x720-50,11859141,11890465,31324,45.3149,1660177275.092,40.7723,0.0,50.0,45.0,5.0
1412,4910634,1660177275,2.367,2.367,14.523,1280x720-5,1124622,1191652,67030,4.5425,1660177275.728,40.772400000000005,0.1509999999999998,5.0,45.0,-55.09999999999998
1529,4914706,1660177279,0.696,0.696,14.877,1280x720-50,11859141,11890467,31326,45.3147,1660177279.784,40.7722,0.354000000000001,50.0,45.0,-30.400000000000098
1541,4915396,1660177280,2.698,2.698,15.583,1280x720-5,1124622,1191656,67034,4.5425,1660177280.69,40.7722,0.7059999999999995,5.0,45.0,-110.59999999999995
1658,4918268,1660177283,2.002,2.002,15.734,1280x720-50,11859141,11890442,31301,45.3149,1660177283.35,40.772400000000005,0.1509999999999998,50.0,45.0,-10.09999999999998
1682,4919379,1660177284,2.899,2.899,15.734,1280x720-10,2351443,2380426,28983,9.0729,1660177284.469,36.242000000000004,0.0,10.0,40.0,-30.0
1799,4921883,1660177286,2.394,2.394,15.734,1280x720-50,11859141,11890458,31317,45.3148,1660177286.968,36.2419,0.0,50.0,40.0,10.0
1916,4925042,1660177290,1.235,1.235,15.734,1280x720-50,11859141,11889613,30472,45.3147,1660177290.12,9.999999999621423e-05,0.0,50.0,0.0,50.0
1928,4925793,1660177290,2.491,2.491,15.734,1280x720-5,1124622,1191660,67038,4.5426,1660177290.871,40.7721,0.0,5.0,45.0,-40.0
2045,4929465,1660177294,0.935,0.935,15.836,1280x720-50,11859141,11890491,31350,45.3148,1660177294.771,40.7722,0.10200000000000031,50.0,45.0,-5.200000000000031
2057,4929929,1660177295,2.478,2.478,15.836,1280x720-5,1124622,1191659,67037,4.5426,1660177295.024,40.7722,0.0,5.0,45.0,-40.0
2174,4933780,1660177298,0.629,0.629,15.836,1280x720-50,11859141,11890479,31338,45.3149,1660177298.896,40.7723,0.0,50.0,45.0,5.0
2186,4934388,1660177299,2.103,2.103,15.887,1280x720-5,1124622,1191636,67014,4.5425,1660177299.608,40.772400000000005,0.051000000000000156,5.0,45.0,-45.100000000000016
2210,4935704,1660177300,3.24,3.240,16.341,1280x720-10,2351443,2380418,28975,9.0729,1660177300.836,4.5304,0.4540000000000006,10.0,5.0,-40.40000000000006
2327,4939694,1660177304,1.252,1.252,16.341,1280x720-50,11859141,11890495,31354,45.3148,1660177304.836,36.2419,0.0,50.0,40.0,10.0
2339,4940459,1660177305,2.49,2.490,16.341,1280x720-5,1124622,1191661,67039,4.5426,1660177305.765,40.7722,0.0,5.0,45.0,-40.0
2456,4943614,1660177308,1.445,1.445,16.391,1280x720-50,11859141,11890495,31354,45.3148,1660177308.714,40.7722,0.04999999999999716,50.0,45.0,2.8421709430404007e-13
2468,4944276,1660177309,2.776,2.776,16.391,1280x720-5,1124622,1191654,67032,4.5425,1660177309.662,40.7723,0.0,5.0,45.0,-40.0
2585,4946725,1660177311,2.335,2.335,16.391,1280x720-50,11859141,11890493,31352,45.3148,1660177311.806,40.7723,0.0,50.0,45.0,5.0
2702,4951713,1660177316,0.875,0.875,17.907,1280x720-50,11859141,11889640,30499,45.3148,1660177316.829,0.0,1.5160000000000018,50.0,0.0,-101.6000000000002
2714,4952363,1660177317,2.5,2.500,18.159,1280x720-5,1124622,1191658,67036,4.5426,1660177317.443,40.7722,0.2519999999999989,5.0,45.0,-65.19999999999989
2831,4956720,1660177321,0.807,0.807,18.767,1280x720-50,11859141,11890493,31352,45.3148,1660177321.837,40.7722,0.6080000000000005,50.0,45.0,-55.800000000000054
2843,4957807,1660177322,2.809,2.809,19.829,1280x720-5,1124622,1191656,67034,4.5426,1660177323.087,40.7722,1.0620000000000012,5.0,45.0,-146.2000000000001
2960,4964760,1660177329,0.747,0.747,22.654,1280x720-50,11859141,11890493,31352,45.3147,1660177329.846,40.7721,2.8249999999999993,50.0,45.0,-277.49999999999994
2972,4965437,1660177330,2.072,2.072,22.654,1280x720-5,1124622,1191646,67024,4.5425,1660177330.677,40.7722,0.0,5.0,45.0,-40.0
2996,4967610,1660177332,2.185,2.185,22.906,1280x720-10,2351443,2380424,28981,9.0729,1660177332.717,4.5304,0.2519999999999989,10.0,5.0,-20.19999999999989
3020,4969174,1660177334,2.626,2.626,22.906,1280x720-10,2351443,2379565,28122,9.0728,1660177334.263,9.999999999976694e-05,0.0,10.0,0.0,10.0
3137,4973309,1660177338,0.495,0.495,22.906,1280x720-50,11859141,11890494,31353,45.3148,1660177338.386,36.242,0.0,50.0,40.0,10.0
3149,4973977,1660177339,2.182,2.182,23.21,1280x720-5,1124622,1191665,67043,4.5426,1660177339.084,40.7722,0.30400000000000205,5.0,45.0,-70.4000000000002
3173,4975197,1660177340,3.21,3.210,23.462,1280x720-10,2351443,2380426,28983,9.0729,1660177340.284,4.5303,0.2519999999999989,10.0,5.0,-20.19999999999989
3290,4978591,1660177343,1.812,1.812,23.462,1280x720-50,11859141,11890476,31335,45.3148,1660177343.684,36.2419,0.0,50.0,40.0,10.0
3314,4980602,1660177345,1.809,1.809,23.462,1280x720-10,2351443,2380423,28980,9.0729,1660177345.815,36.2419,0.0,10.0,40.0,-30.0
3338,4981402,1660177346,3.011,3.011,23.462,1280x720-10,2351443,2379573,28130,9.0729,1660177346.483,0.0,0.0,10.0,0.0,10.0
3455,4984260,1660177349,2.154,2.154,23.462,1280x720-50,11859141,11890474,31333,45.3148,1660177349.351,36.2419,0.0,50.0,40.0,10.0
3479,4985387,1660177350,3.025,3.025,23.462,1280x720-10,2351420,2380427,29007,9.0729,1660177350.479,36.2419,0.0,10.0,40.0,-30.0
3596,4987989,1660177353,2.421,2.421,23.462,1280x720-50,11859025,11890455,31430,45.3148,1660177353.073,36.2419,0.0,50.0,40.0,10.0
3713,4990552,1660177355,1.859,1.859,23.462,1280x720-50,11859025,11889600,30575,45.3148,1660177355.642,0.0,0.0,50.0,0.0,50.0
3737,4991204,1660177356,3.215,3.215,23.462,1280x720-10,2351420,2380431,29011,9.0729,1660177356.286,36.2419,0.0,10.0,40.0,-30.0
3854,4994364,1660177359,2.06,2.060,23.462,1280x720-50,11859025,11890453,31428,45.3149,1660177359.444,36.242000000000004,0.0,50.0,40.0,10.0
3878,4995584,1660177360,2.842,2.842,23.462,1280x720-10,2351420,2380428,29008,9.0729,1660177360.696,36.242000000000004,0.0,10.0,40.0,-30.0
3995,4999362,1660177364,1.065,1.065,23.462,1280x720-50,11859025,11890451,31426,45.3149,1660177364.454,36.242000000000004,0.0,50.0,40.0,10.0
4007,5000041,1660177365,2.389,2.389,23.462,1280x720-5,1124611,1191668,67057,4.5426,1660177365.142,40.7723,0.0,5.0,45.0,-40.0
4124,5003520,1660177368,0.912,0.912,23.462,1280x720-50,11859025,11890488,31463,45.3148,1660177368.614,40.7722,0.0,50.0,45.0,5.0
4136,5004081,1660177369,2.386,2.386,23.462,1280x720-5,1124611,1191662,67051,4.5426,1660177369.177,40.7722,0.0,5.0,45.0,-40.0
4253,5007352,1660177372,1.115,1.115,23.462,1280x720-50,11859025,11890485,31460,45.3148,1660177372.435,40.7722,0.0,50.0,45.0,5.0
4265,5007995,1660177373,2.473,2.473,23.462,1280x720-5,1124611,1191649,67038,4.5425,1660177373.077,40.7723,0.0,5.0,45.0,-40.0
4382,5012576,1660177377,0.759,0.759,24.27,1280x720-50,11859025,11890492,31467,45.3148,1660177377.682,40.7723,0.8079999999999998,50.0,45.0,-75.79999999999998
4394,5013202,1660177378,2.578,2.578,24.724,1280x720-5,1124611,1191671,67060,4.5426,1660177378.283,40.7722,0.4540000000000006,5.0,45.0,-85.40000000000006
4511,5017925,1660177383,0.801,0.801,25.583,1280x720-50,11859025,11890494,31469,45.3148,1660177383.003,40.7722,0.8589999999999982,50.0,45.0,-80.89999999999982
4523,5018538,1660177383,2.803,2.803,26.237,1280x720-5,1124611,1191666,67055,4.5426,1660177383.616,40.7722,0.6539999999999999,5.0,45.0,-105.39999999999999
4640,5022488,1660177387,1.452,1.452,26.789,1280x720-50,11859025,11890488,31463,45.3148,1660177387.736,40.7722,0.5520000000000032,50.0,45.0,-50.200000000000315
4652,5023412,1660177388,2.529,2.529,26.789,1280x720-5,1124611,1191649,67038,4.5425,1660177388.497,40.7723,0.0,5.0,45.0,-40.0
4769,5027539,1660177392,0.847,0.847,27.193,1280x720-50,11859025,11890495,31470,45.3148,1660177392.651,40.7723,0.4039999999999999,50.0,45.0,-35.39999999999999
4781,5028138,1660177393,2.849,2.849,27.798,1280x720-5,1124611,1191665,67054,4.5426,1660177393.218,40.7722,0.6049999999999969,5.0,45.0,-100.49999999999969
4898,5032337,1660177397,0.71,0.710,27.798,1280x720-50,11859025,11890495,31470,45.3148,1660177397.455,40.7722,0.0,50.0,45.0,5.0
4910,5032939,1660177398,2.712,2.712,28.403,1280x720-5,1124611,1191670,67059,4.5426,1660177398.048,40.7722,0.6050000000000004,5.0,45.0,-100.50000000000004
5027,5039252,1660177404,0.805,0.805,30.727,1280x720-50,11859025,11890494,31469,45.3148,1660177404.352,40.7722,2.3240000000000016,50.0,45.0,-227.40000000000015
5039,5040047,1660177405,2.705,2.705,31.43,1280x720-5,1124611,1191668,67057,4.5426,1660177405.159,40.7722,0.7029999999999994,5.0,45.0,-110.29999999999994
5156,5044271,1660177409,0.705,0.705,31.582,1280x720-50,11859025,11890496,31471,45.3148,1660177409.351,40.7722,0.15200000000000102,50.0,45.0,-10.200000000000102
5168,5045191,1660177410,2.707,2.707,32.495,1280x720-5,1124611,1191664,67053,4.5426,1660177410.274,40.7722,0.9129999999999967,5.0,45.0,-131.29999999999967
