,local_time,unixtimestamp,videoBuffer,audioBuffer,cumRebuffer,format_vid,byteOffset,totalByteLength,byteLength,ssim,mod_timestamp,ssim_diff,cumRebuffer_diff,New_Bitrate,New_Bitrate_diff,qoe
11,37901589,1660012062,2.002,2.002,0.958,1280x720-5,1124688,1191650,66962,4.5425,1660012062.166,0.0,0.0,5.0,0.0,5.0
35,37902477,1660012063,3.333,3.333,1.158,1280x720-10,2351466,2380435,28969,9.0729,1660012063.026,4.5304,0.19999999999999996,10.0,5.0,-14.999999999999996
268,37905335,1660012065,2.474,2.474,1.158,1280x720-100,23718169,23777998,59829,90.6168,1660012065.898,81.5439,0.0,100.0,90.0,10.0
385,37906189,1660012066,3.629,3.629,1.158,1280x720-50,11859257,11890426,31169,45.3149,1660012066.854,45.301899999999996,0.0,100.0,0.0,100.0
618,37909128,1660012069,2.689,2.689,1.158,1280x720-100,23718169,23777999,59830,90.6169,1660012070.044,45.302,0.0,100.0,0.0,100.0
735,37909927,1660012070,3.895,3.895,1.158,1280x720-50,11859257,11890463,31206,45.3147,1660012070.461,45.3022,0.0,100.0,0.0,100.0
968,37912673,1660012073,3.146,3.146,1.158,1280x720-100,23717937,23777999,60062,90.6169,1660012074.069,45.3022,0.0,100.0,0.0,100.0
1085,37914237,1660012074,3.586,3.586,1.158,1280x720-50,11859141,11890432,31291,45.3149,1660012075.035,45.302,0.0,100.0,0.0,100.0
1318,37916963,1660012077,2.863,2.863,1.158,1280x720-100,23717937,23777985,60048,90.6169,1660012078.06,45.302,0.0,100.0,0.0,100.0
1435,37917596,1660012078,4.234,4.234,1.158,1280x720-50,11859141,11890429,31288,45.3147,1660012078.126,45.3022,0.0,100.0,0.0,100.0
1668,37921225,1660012081,2.599,2.599,1.158,1280x720-100,23717937,23777996,60059,90.6169,1660012082.045,45.3022,0.0,100.0,0.0,100.0
1798,37922048,1660012082,3.785,3.785,1.158,1280x720-50,13188299,13201705,13406,50.312,1660012082.59,40.3049,0.0,100.0,0.0,100.0
2031,37924727,1660012085,3.107,3.107,1.158,1280x720-100,23717937,23777998,60061,90.6169,1660012086.061,40.3049,0.0,100.0,0.0,100.0
2148,37925558,1660012086,4.273,4.273,1.158,1280x720-50,11859141,11890471,31330,45.3148,1660012086.091,45.3021,0.0,100.0,0.0,100.0
2381,37929232,1660012089,2.6,2.600,1.158,1280x720-100,23717937,23777999,60062,90.6169,1660012090.03,45.3021,0.0,100.0,0.0,100.0
2498,37930048,1660012090,3.795,3.795,1.158,1280x720-50,11859141,11890440,31299,45.3149,1660012090.585,45.302,0.0,100.0,0.0,100.0
2731,37932741,1660012093,3.102,3.102,1.158,1280x720-100,23717937,23777999,60062,90.6169,1660012094.071,45.302,0.0,100.0,0.0,100.0
2848,37933954,1660012094,3.888,3.888,1.158,1280x720-50,11859141,11890433,31292,45.3148,1660012094.484,45.3021,0.0,100.0,0.0,100.0
3081,37936598,1660012097,3.243,3.243,1.158,1280x720-100,23717937,23777997,60060,90.6168,1660012098.071,45.302,0.0,100.0,0.0,100.0
3198,37937656,1660012098,4.193,4.193,1.158,1280x720-50,11859141,11890435,31294,45.3149,1660012098.193,45.301899999999996,0.0,100.0,0.0,100.0
3431,37941213,1660012101,2.639,2.639,1.158,1280x720-100,23717937,23777997,60060,90.6169,1660012102.034,45.302,0.0,100.0,0.0,100.0
3548,37942515,1660012103,3.338,3.338,1.158,1280x720-50,11859141,11890467,31326,45.3147,1660012103.055,45.3022,0.0,100.0,0.0,100.0
3781,37944825,1660012105,3.027,3.027,1.158,1280x720-100,23717937,23777999,60062,90.6169,1660012105.356,45.3022,0.0,100.0,0.0,100.0
3898,37945977,1660012106,3.874,3.874,1.158,1280x720-50,11859141,11890444,31303,45.3149,1660012106.512,45.302,0.0,100.0,0.0,100.0
4131,37948918,1660012109,2.936,2.936,1.158,1280x720-100,23717937,23777999,60062,90.6169,1660012110.045,45.302,0.0,100.0,0.0,100.0
4248,37949999,1660012110,3.862,3.862,1.158,1280x720-50,11859141,11890467,31326,45.3147,1660012110.54,45.3022,0.0,100.0,0.0,100.0
4481,37953030,1660012113,2.827,2.827,1.158,1280x720-100,23717937,23777999,60062,90.6169,1660012114.05,45.3022,0.0,100.0,0.0,100.0
4598,37954091,1660012114,3.773,3.773,1.158,1280x720-50,11859141,11890443,31302,45.3149,1660012114.622,45.302,0.0,100.0,0.0,100.0
4831,37956997,1660012117,2.871,2.871,1.158,1280x720-100,23717937,23777999,60062,90.6169,1660012118.04,45.302,0.0,100.0,0.0,100.0
4948,37957903,1660012118,3.96,3.960,1.158,1280x720-50,11859141,11890467,31326,45.3147,1660012118.438,45.3022,0.0,100.0,0.0,100.0
5181,37960686,1660012121,3.188,3.188,1.158,1280x720-100,23717937,23777998,60061,90.6169,1660012122.061,45.3022,0.0,100.0,0.0,100.0
5298,37961633,1660012122,4.238,4.238,1.158,1280x720-50,11859141,11890491,31350,45.3148,1660012122.174,45.3021,0.0,100.0,0.0,100.0
5531,37965246,1660012125,2.622,2.622,1.158,1280x720-100,23717937,23777999,60062,90.6169,1660012126.032,45.3021,0.0,100.0,0.0,100.0
5648,37966154,1660012126,3.724,3.724,1.158,1280x720-50,11859141,11890479,31338,45.3149,1660012126.726,45.302,0.0,100.0,0.0,100.0
5881,37968897,1660012129,2.975,2.975,1.158,1280x720-100,23717937,23777999,60062,90.6169,1660012130.056,45.302,0.0,100.0,0.0,100.0
5998,37970230,1660012130,3.65,3.650,1.158,1280x720-50,11859141,11890493,31352,45.3149,1660012130.761,45.302,0.0,100.0,0.0,100.0
6231,37973457,1660012133,2.428,2.428,1.158,1280x720-100,23717937,23778000,60063,90.6169,1660012134.016,45.302,0.0,100.0,0.0,100.0
6348,37974278,1660012134,3.608,3.608,1.158,1280x720-50,11859141,11890494,31353,45.3148,1660012134.821,45.3021,0.0,100.0,0.0,100.0
6581,37977078,1660012137,2.802,2.802,1.158,1280x720-100,23717937,23778000,60063,90.6169,1660012138.046,45.3021,0.0,100.0,0.0,100.0
6698,37978589,1660012139,3.299,3.299,1.158,1280x720-50,11859141,11890494,31353,45.3148,1660012139.126,45.3021,0.0,50.0,50.0,0.0
6815,37979522,1660012140,4.367,4.367,1.158,1280x720-50,11859141,11889639,30498,45.3148,1660012140.065,0.0,0.0,50.0,0.0,50.0
7048,37983132,1660012143,2.761,2.761,1.158,1280x720-100,23717937,23778000,60063,90.6169,1660012144.045,45.3021,0.0,100.0,50.0,50.0
7165,37984182,1660012144,3.709,3.709,1.158,1280x720-50,11859141,11890495,31354,45.3148,1660012144.726,45.3021,0.0,100.0,0.0,100.0
7398,37986990,1660012147,2.9,2.900,1.158,1280x720-100,23717937,23777999,60062,90.6169,1660012148.044,45.3021,0.0,100.0,0.0,100.0
7515,37987695,1660012148,4.198,4.198,1.158,1280x720-50,11859141,11890495,31354,45.3148,1660012148.24,45.3021,0.0,100.0,0.0,100.0
7748,37991257,1660012151,2.642,2.642,1.158,1280x720-100,23717937,23778000,60063,90.6168,1660012152.031,45.302,0.0,100.0,0.0,100.0
7865,37992238,1660012152,3.66,3.660,1.158,1280x720-50,11859141,11890495,31354,45.3148,1660012152.794,45.302,0.0,100.0,0.0,100.0
8098,37994926,1660012155,2.978,2.978,1.158,1280x720-100,23717937,23778000,60063,90.6169,1660012156.059,45.3021,0.0,100.0,0.0,100.0
8215,37995810,1660012156,4.091,4.091,1.158,1280x720-50,11859141,11890494,31353,45.3148,1660012156.349,45.3021,0.0,100.0,0.0,100.0
8448,37999335,1660012159,2.567,2.567,1.158,1280x720-100,23717937,23777999,60062,90.6169,1660012160.033,45.3021,0.0,100.0,0.0,100.0
8565,38000172,1660012160,3.737,3.737,1.158,1280x720-50,11859141,11890491,31350,45.3148,1660012160.837,45.3021,0.0,100.0,0.0,100.0
8798,38002835,1660012163,3.072,3.072,1.158,1280x720-100,23717937,23777999,60062,90.6169,1660012164.049,45.3021,0.0,100.0,0.0,100.0
8915,38003686,1660012164,4.222,4.222,1.158,1280x720-50,11859141,11890476,31335,45.3148,1660012164.223,45.3021,0.0,100.0,0.0,100.0
9148,38007252,1660012167,2.661,2.661,1.158,1280x720-100,23717937,23777999,60062,90.6169,1660012168.036,45.3021,0.0,100.0,0.0,100.0
9265,38008069,1660012168,3.852,3.852,1.158,1280x720-50,11859141,11890478,31337,45.3148,1660012168.619,45.3021,0.0,100.0,0.0,100.0
9498,38010757,1660012171,3.16,3.160,1.158,1280x720-100,23717937,23777998,60061,90.6169,1660012172.052,45.3021,0.0,100.0,0.0,100.0
9615,38012473,1660012173,3.449,3.449,1.158,1280x720-50,11859025,11890462,31437,45.3149,1660012173.003,45.302,0.0,100.0,0.0,100.0
9848,38014925,1660012175,2.996,2.996,1.158,1280x720-100,23717705,23777999,60294,90.6169,1660012176.069,45.302,0.0,100.0,0.0,100.0
9965,38015729,1660012176,4.2,4.200,1.158,1280x720-50,11859025,11890454,31429,45.3148,1660012176.264,45.3021,0.0,100.0,0.0,100.0
10198,38019499,1660012180,2.424,2.424,1.158,1280x720-100,23717705,23777999,60294,90.6169,1660012181.018,45.3021,0.0,100.0,0.0,100.0
10315,38020400,1660012180,3.526,3.526,1.158,1280x720-50,11859025,11890453,31428,45.3149,1660012181.919,45.302,0.0,100.0,0.0,100.0
10548,38023232,1660012183,2.701,2.701,1.158,1280x720-100,23717705,23777999,60294,90.6169,1660012184.041,45.302,0.0,100.0,0.0,100.0
10665,38024329,1660012184,3.607,3.607,1.158,1280x720-50,11859025,11890451,31426,45.3149,1660012184.867,45.302,0.0,100.0,0.0,100.0
10898,38026882,1660012187,3.048,3.048,1.158,1280x720-100,23717705,23777999,60294,90.6169,1660012188.053,45.302,0.0,100.0,0.0,100.0
11015,38028381,1660012188,3.555,3.555,1.158,1280x720-50,11859025,11890488,31463,45.3148,1660012189.024,45.3021,0.0,100.0,0.0,100.0
11248,38031051,1660012191,2.89,2.890,1.158,1280x720-100,23717705,23777999,60294,90.6169,1660012192.054,45.3021,0.0,100.0,0.0,100.0
11365,38032027,1660012192,3.911,3.911,1.158,1280x720-50,11859025,11890485,31460,45.3148,1660012192.584,45.3021,0.0,100.0,0.0,100.0
11598,38035581,1660012196,2.364,2.364,1.158,1280x720-100,23717705,23777999,60294,90.6169,1660012197.001,45.3021,0.0,100.0,0.0,100.0
11715,38036818,1660012197,3.129,3.129,1.158,1280x720-50,11859025,11890492,31467,45.3148,1660012197.36,45.3021,0.0,50.0,50.0,0.0
11832,38037887,1660012198,4.055,4.055,1.158,1280x720-50,11859025,11889642,30617,45.3148,1660012198.438,0.0,0.0,50.0,0.0,50.0
12065,38040811,1660012201,3.134,3.134,1.158,1280x720-100,23717705,23778000,60295,90.6169,1660012202.055,45.3021,0.0,100.0,50.0,50.0
12182,38042442,1660012202,3.512,3.512,1.158,1280x720-50,11859025,11890495,31470,45.3148,1660012203.021,45.3021,0.0,100.0,0.0,100.0
12415,38045162,1660012205,2.797,2.797,1.158,1280x720-100,23717705,23777999,60294,90.6169,1660012206.046,45.3021,0.0,100.0,0.0,100.0
12532,38046839,1660012207,3.117,3.117,1.158,1280x720-50,11859025,11890493,31468,45.3148,1660012207.37,45.3021,0.0,50.0,50.0,0.0
12649,38047728,1660012208,4.225,4.225,1.158,1280x720-50,11859025,11889641,30616,45.3148,1660012208.259,0.0,0.0,50.0,0.0,50.0
12882,38050809,1660012211,3.15,3.150,1.158,1280x720-100,23717705,23778000,60295,90.6169,1660012212.054,45.3021,0.0,100.0,50.0,50.0
12999,38051671,1660012212,4.285,4.285,1.158,1280x720-50,11859025,11890495,31470,45.3148,1660012212.201,45.3021,0.0,50.0,50.0,0.0
